-2.752841e-005
-1.100507e-004
-2.474415e-004
-4.395762e-004
-6.863310e-004
-9.875826e-004
-1.343209e-003
-1.753089e-003
-2.217102e-003
-2.735132e-003
-3.307063e-003
-3.932781e-003
-4.612169e-003
-5.345109e-003
-6.131478e-003
-6.971150e-003
-7.863997e-003
-8.809896e-003
-9.808730e-003
-1.086040e-002
-1.196481e-002
-1.312190e-002
-1.433160e-002
-1.559385e-002
-1.690855e-002
-1.827554e-002
-1.969459e-002
-2.116538e-002
-2.268761e-002
-2.426096e-002
-2.588522e-002
-2.756026e-002
-2.928605e-002
-3.106264e-002
-3.289014e-002
-3.476867e-002
-3.669824e-002
-3.867873e-002
-4.071001e-002
-4.279205e-002
-4.492518e-002
-4.711010e-002
-4.934782e-002
-5.163935e-002
-5.398536e-002
-5.638579e-002
-5.883995e-002
-6.134683e-002
-6.390549e-002
-6.651535e-002
-6.917611e-002
-7.188769e-002
-7.465009e-002
-7.746325e-002
-8.032688e-002
-8.323992e-002
-8.620020e-002
-8.920464e-002
-9.225041e-002
-9.533657e-002
-9.846509e-002
-1.016406e-001
-1.048690e-001
-1.081545e-001
-1.114965e-001
-1.148886e-001
-1.183198e-001
-1.217783e-001
-1.252568e-001
-1.287555e-001
-1.322822e-001
-1.358489e-001
-1.394681e-001
-1.431476e-001
-1.468863e-001
-1.506755e-001
-1.545033e-001
-1.583611e-001
-1.622483e-001
-1.661731e-001
-1.701511e-001
-1.741985e-001
-1.783230e-001
-1.825170e-001
-1.867566e-001
-1.910101e-001
-1.952537e-001
-1.994870e-001
-2.037381e-001
-2.080558e-001
-2.124913e-001
-2.170755e-001
-2.218039e-001
-2.266373e-001
-2.315177e-001
-2.363927e-001
-2.412386e-001
-2.460691e-001
-2.509268e-001
-2.558590e-001
-2.608923e-001
-2.660189e-001
-2.712056e-001
-2.764215e-001
-2.816647e-001
-2.869745e-001
-2.924221e-001
-2.980899e-001
-3.040437e-001
-3.103128e-001
-3.168875e-001
-3.237376e-001
-3.308360e-001
-3.381682e-001
-3.457181e-001
-3.534468e-001
-3.612829e-001
-3.691354e-001
-3.769216e-001
-3.845939e-001
-3.921484e-001
-3.996142e-001
-4.070360e-001
-4.144630e-001
-4.219495e-001
-4.295474e-001
-4.372858e-001
-4.451535e-001
-4.530989e-001
-4.610517e-001
-4.689568e-001
-4.767992e-001
-4.846049e-001
-4.924142e-001
-5.002427e-001
-5.080556e-001
-5.157756e-001
-5.233113e-001
-5.305852e-001
-5.375434e-001
-5.441480e-001
-5.503606e-001
-5.561368e-001
-5.614419e-001
-5.662768e-001
-5.706950e-001
-5.747984e-001
-5.787190e-001
-5.825982e-001
-5.865719e-001
-5.907558e-001
-5.952146e-001
-5.999268e-001
-6.047683e-001
-6.095302e-001
-6.139655e-001
-6.178612e-001
-6.211161e-001
-6.237855e-001
-6.260659e-001
-6.282372e-001
-6.305866e-001
-6.333345e-001
-6.365860e-001
-6.403296e-001
-6.444852e-001
-6.489737e-001
-6.537688e-001
-6.589082e-001
-6.644651e-001
-6.704910e-001
-6.769569e-001
-6.837251e-001
-6.905786e-001
-6.973029e-001
-7.037805e-001
-7.100483e-001
-7.162887e-001
-7.227716e-001
-7.297883e-001
-7.376032e-001
-7.464187e-001
-7.563371e-001
-7.673351e-001
-7.792716e-001
-7.919261e-001
-8.050527e-001
-8.184443e-001
-8.320098e-001
-8.458282e-001
-8.601477e-001
-8.753309e-001
-8.917692e-001
-9.097656e-001
-9.294033e-001
-9.504670e-001
-9.724716e-001
-9.947924e-001
-1.016844e+000
-1.038223e+000
-1.058763e+000
-1.078497e+000
-1.097575e+000
-1.116181e+000
-1.134490e+000
-1.152661e+000
-1.170851e+000
-1.189192e+000
-1.207704e+000
-1.226171e+000
-1.244093e+000
-1.260790e+000
-1.275683e+000
-1.288619e+000
-1.300036e+000
-1.310876e+000
-1.322296e+000
-1.335281e+000
-1.350340e+000
-1.367445e+000
-1.386253e+000
-1.406441e+000
-1.427943e+000
-1.450978e+000
-1.475896e+000
-1.502928e+000
-1.531990e+000
-1.562638e+000
-1.594178e+000
-1.625825e+000
-1.656838e+000
-1.686585e+000
-1.714635e+000
-1.740906e+000
-1.765780e+000
-1.790080e+000
-1.814924e+000
-1.841507e+000
-1.870842e+000
-1.903501e+000
-1.939469e+000
-1.978212e+000
-2.018938e+000
-2.060921e+000
-2.103740e+000
-2.147289e+000
-2.191552e+000
-2.236341e+000
-2.281181e+000
-2.325422e+000
-2.368481e+000
-2.410055e+000
-2.450157e+000
-2.489035e+000
-2.527070e+000
-2.564737e+000
-2.602625e+000
-2.641428e+000
-2.681856e+000
-2.724460e+000
-2.769483e+000
-2.816855e+000
-2.866357e+000
-2.917848e+000
-2.971399e+000
-3.027228e+000
-3.085472e+000
-3.145991e+000
-3.208304e+000
-3.271696e+000
-3.335387e+000
-3.398713e+000
-3.461235e+000
-3.522740e+000
-3.583162e+000
-3.642456e+000
-3.700512e+000
-3.757109e+000
-3.811958e+000
-3.864802e+000
-3.915534e+000
-3.964235e+000
-4.011093e+000
-4.056271e+000
-4.099818e+000
-4.141679e+000
-4.181802e+000
-4.220277e+000
-4.257412e+000
-4.293684e+000
-4.329570e+000
-4.365347e+000
-4.401007e+000
-4.436343e+000
-4.471134e+000
-4.505281e+000
-4.538806e+000
-4.571753e+000
-4.604079e+000
-4.635669e+000
-4.666439e+000
-4.696450e+000
-4.725936e+000
-4.755246e+000
-4.784708e+000
-4.814431e+000
-4.844157e+000
-4.873252e+000
-4.900823e+000
-4.925919e+000
-4.947769e+000
-4.965977e+000
-4.980604e+000
-4.992049e+000
-5.000809e+000
-5.007151e+000
-5.010891e+000
-5.011371e+000
-5.007665e+000
-4.998878e+000
-4.984389e+000
-4.963898e+000
-4.937299e+000
-4.904469e+000
-4.865164e+000
-4.819113e+000
-4.766257e+000
-4.706888e+000
-4.641558e+000
-4.570834e+000
-4.495099e+000
-4.414500e+000
-4.329015e+000
-4.238556e+000
-4.143053e+000
-4.042462e+000
-3.936731e+000
-3.825755e+000
-3.709407e+000
-3.587655e+000
-3.460704e+000
-3.329038e+000
-3.193342e+000
-3.054340e+000
-2.912654e+000
-2.768737e+000
-2.622913e+000
-2.475421e+000
-2.326377e+000
-2.175673e+000
-2.022916e+000
-1.867464e+000
-1.708568e+000
-1.545560e+000
-1.378023e+000
-1.205850e+000
-1.029237e+000
-8.487009e-001
-6.650895e-001
-4.795572e-001
-2.934696e-001
-1.082856e-001
7.454943e-002
2.536925e-001
4.279547e-001
5.962994e-001
7.577911e-001
9.115288e-001
1.056577e+000
1.191895e+000
1.316286e+000
1.428384e+000
1.526708e+000
1.609743e+000
1.676147e+000
1.725148e+000
1.756974e+000
1.772997e+000
1.775481e+000
1.767125e+000
1.750648e+000
1.728587e+000
1.703313e+000
1.677152e+000
1.652459e+000
1.631489e+000
1.616039e+000
1.607116e+000
1.604891e+000
1.608940e+000
1.618606e+000
1.633290e+000
1.652593e+000
1.676354e+000
1.704657e+000
1.737794e+000
1.776198e+000
1.820359e+000
1.870698e+000
1.927395e+000
1.990219e+000
2.058494e+000
2.131215e+000
2.207228e+000
2.285387e+000
2.364629e+000
2.444042e+000
2.522996e+000
2.601290e+000
2.679203e+000
2.757377e+000
2.836641e+000
2.917836e+000
3.001737e+000
3.089049e+000
3.180383e+000
3.276081e+000
3.375945e+000
3.479068e+000
3.583917e+000
3.688590e+000
3.791101e+000
3.889552e+000
3.982220e+000
4.067705e+000
4.145262e+000
4.215077e+000
4.278277e+000
4.336640e+000
4.392189e+000
4.446787e+000
4.501716e+000
4.557296e+000
4.612771e+000
4.666544e+000
4.716611e+000
4.761033e+000
4.798376e+000
4.827970e+000
4.849870e+000
4.864545e+000
4.872559e+000
4.874461e+000
4.870913e+000
4.862890e+000
4.851749e+000
4.839154e+000
4.826898e+000
4.816703e+000
4.809982e+000
4.807633e+000
4.809976e+000
4.816816e+000
4.827477e+000
4.840724e+000
4.854691e+000
4.866953e+000
4.874729e+000
4.875150e+000
4.865655e+000
4.844586e+000
4.811747e+000
4.768512e+000
4.717419e+000
4.661515e+000
4.603795e+000
4.546803e+000
4.492378e+000
4.441607e+000
4.395049e+000
4.353080e+000
4.316091e+000
4.284382e+000
4.257890e+000
4.236023e+000
4.217707e+000
4.201596e+000
4.186301e+000
4.170530e+000
4.153106e+000
4.132907e+000
4.108795e+000
4.079604e+000
4.044286e+000
4.002225e+000
3.953525e+000
3.899050e+000
3.840194e+000
3.778500e+000
3.715340e+000
3.651819e+000
3.588966e+000
3.528095e+000
3.471069e+000
3.420268e+000
3.378189e+000
3.346719e+000
3.326473e+000
3.316611e+000
3.315214e+000
3.319903e+000
3.328367e+000
3.338575e+000
3.348739e+000
3.357223e+000
3.362664e+000
3.364239e+000
3.361835e+000
3.355972e+000
3.347546e+000
3.337520e+000
3.326663e+000
3.315395e+000
3.303836e+000
3.292066e+000
3.280424e+000
3.269660e+000
3.260867e+000
3.255280e+000
3.254013e+000
3.257782e+000
3.266727e+000
3.280449e+000
3.298197e+000
3.319121e+000
3.342471e+000
3.367770e+000
3.394936e+000
3.424306e+000
3.456524e+000
3.492389e+000
3.532705e+000
3.578226e+000
3.629604e+000
3.687263e+000
3.751152e+000
3.820579e+000
3.894241e+000
3.970448e+000
4.047388e+000
4.123306e+000
4.196555e+000
4.265554e+000
4.328710e+000
4.384406e+000
4.431096e+000
4.467505e+000
4.492817e+000
4.506739e+000
4.509451e+000
4.501475e+000
4.483516e+000
4.456370e+000
4.420951e+000
4.378392e+000
4.330121e+000
4.277833e+000
4.223380e+000
4.168652e+000
4.115477e+000
4.065494e+000
4.019935e+000
3.979424e+000
3.943951e+000
3.913055e+000
3.886133e+000
3.862779e+000
3.843014e+000
3.827322e+000
3.816499e+000
3.811443e+000
3.813000e+000
3.821916e+000
3.838857e+000
3.864350e+000
3.898549e+000
3.940936e+000
3.990206e+000
4.044432e+000
4.101377e+000
4.158781e+000
4.214588e+000
4.267198e+000
4.315796e+000
4.360549e+000
4.402492e+000
4.443168e+000
4.484137e+000
4.526431e+000
4.570153e+000
4.614419e+000
4.657648e+000
4.697988e+000
4.733644e+000
4.763015e+000
4.784775e+000
4.798088e+000
4.802903e+000
4.800082e+000
4.791232e+000
4.778364e+000
4.763551e+000
4.748676e+000
4.735173e+000
4.723717e+000
4.714055e+000
4.705136e+000
4.695507e+000
4.683814e+000
4.669146e+000
4.651080e+000
4.629470e+000
4.604211e+000
4.575185e+000
4.542391e+000
4.506091e+000
4.466847e+000
4.425440e+000
4.382736e+000
4.339572e+000
4.296681e+000
4.254646e+000
4.213874e+000
4.174585e+000
4.136780e+000
4.100161e+000
4.064043e+000
4.027372e+000
3.988893e+000
3.947487e+000
3.902576e+000
3.854342e+000
3.803633e+000
3.751668e+000
3.699660e+000
3.648404e+000
3.597900e+000
3.547193e+000
3.494538e+000
3.437762e+000
3.374670e+000
3.303450e+000
3.223070e+000
3.133491e+000
3.035519e+000
2.930337e+000
2.819064e+000
2.702649e+000
2.582110e+000
2.458829e+000
2.334667e+000
2.211853e+000
2.092768e+000
1.979751e+000
1.875017e+000
1.780654e+000
1.698553e+000
1.630215e+000
1.576523e+000
1.537708e+000
1.513524e+000
1.503539e+000
1.507364e+000
1.524759e+000
1.555612e+000
1.599895e+000
1.657623e+000
1.728818e+000
1.813378e+000
1.910861e+000
2.020318e+000
2.140301e+000
2.269033e+000
2.404632e+000
2.545259e+000
2.689172e+000
2.834682e+000
2.980097e+000
3.123675e+000
3.263625e+000
3.398159e+000
3.525688e+000
3.645200e+000
3.756608e+000
3.860806e+000
3.959404e+000
4.054305e+000
4.147380e+000
4.240280e+000
4.334306e+000
4.430224e+000
4.528138e+000
4.627544e+000
4.727543e+000
4.827094e+000
4.925192e+000
5.020919e+000
5.113410e+000
5.201810e+000
5.285334e+000
5.363493e+000
5.436341e+000
5.504555e+000
5.569282e+000
5.631892e+000
5.693744e+000
5.756093e+000
5.820095e+000
5.886886e+000
5.957609e+000
6.033303e+000
6.114629e+000
6.201627e+000
6.293691e+000
6.389760e+000
6.488604e+000
6.589034e+000
6.689986e+000
6.790483e+000
6.889555e+000
6.986175e+000
7.079249e+000
7.167642e+000
7.250216e+000
7.325861e+000
7.393496e+000
7.452091e+000
7.500809e+000
7.539318e+000
7.568076e+000
7.588368e+000
7.602064e+000
7.611274e+000
7.618069e+000
7.624362e+000
7.631830e+000
7.641699e+000
7.654428e+000
7.669575e+000
7.686059e+000
7.702789e+000
7.719316e+000
7.736117e+000
7.754433e+000
7.775845e+000
7.801823e+000
7.833318e+000
7.870469e+000
7.912545e+000
7.958225e+000
8.006140e+000
8.055451e+000
8.106157e+000
8.158994e+000
8.215032e+000
8.275156e+000
8.339598e+000
8.407764e+000
8.478399e+000
8.549926e+000
8.620774e+000
8.689529e+000
8.754919e+000
8.815708e+000
8.870596e+000
8.918189e+000
8.957058e+000
8.985925e+000
9.003906e+000
9.010657e+000
9.006327e+000
8.991357e+000
8.966242e+000
8.931348e+000
8.886816e+000
8.832553e+000
8.768311e+000
8.693829e+000
8.609078e+000
8.514537e+000
8.411354e+000
8.301267e+000
8.186359e+000
8.068790e+000
7.950637e+000
7.833865e+000
7.720389e+000
7.612148e+000
7.511076e+000
7.418793e+000
7.336013e+000
7.262054e+000
7.194880e+000
7.131807e+000
7.070624e+000
7.010506e+000
6.952216e+000
6.897626e+000
6.848942e+000
6.807948e+000
6.775402e+000
6.750769e+000
6.732478e+000
6.718652e+000
6.707889e+000
6.699534e+000
6.693262e+000
6.688379e+000
6.683374e+000
6.675962e+000
6.663560e+000
6.643957e+000
6.615926e+000
6.579551e+000
6.536141e+000
6.487806e+000
6.436951e+000
6.385911e+000
6.336833e+000
6.291742e+000
6.252552e+000
6.220798e+000
6.197151e+000
6.181105e+000
6.171081e+000
6.164902e+000
6.160437e+000
6.156222e+000
6.151781e+000
6.147507e+000
6.144215e+000
6.142608e+000
6.142931e+000
6.144948e+000
6.148187e+000
6.152291e+000
6.157257e+000
6.163454e+000
6.171383e+000
6.181289e+000
6.192841e+000
6.205067e+000
6.216545e+000
6.225713e+000
6.231199e+000
6.232188e+000
6.228699e+000
6.221615e+000
6.212435e+000
6.202881e+000
6.194541e+000
6.188644e+000
6.186057e+000
6.187438e+000
6.193441e+000
6.204857e+000
6.222631e+000
6.247780e+000
6.281211e+000
6.323516e+000
6.374783e+000
6.434456e+000
6.501268e+000
6.573311e+000
6.648244e+000
6.723546e+000
6.796752e+000
6.865734e+000
6.929034e+000
6.986081e+000
7.037111e+000
7.082864e+000
7.124221e+000
7.161938e+000
7.196507e+000
7.228134e+000
7.256844e+000
7.282659e+000
7.305751e+000
7.326494e+000
7.345391e+000
7.362902e+000
7.379195e+000
7.393961e+000
7.406400e+000
7.415380e+000
7.419675e+000
7.418255e+000
7.410590e+000
7.396839e+000
7.377813e+000
7.354734e+000
7.328955e+000
7.301765e+000
7.274339e+000
7.247780e+000
7.223144e+000
7.201297e+000
7.182665e+000
7.167072e+000
7.153787e+000
7.141746e+000
7.129795e+000
7.116822e+000
7.101699e+000
7.083128e+000
7.059516e+000
7.028987e+000
6.989568e+000
6.939596e+000
6.878230e+000
6.805757e+000
6.723486e+000
6.633336e+000
6.537395e+000
6.437654e+000
6.335954e+000
6.234081e+000
6.133881e+000
6.037310e+000
5.946422e+000
5.863287e+000
5.789776e+000
5.727149e+000
5.675600e+000
5.634123e+000
5.600797e+000
5.573370e+000
5.549867e+000
5.528929e+000
5.509746e+000
5.491656e+000
5.473685e+000
5.454306e+000
5.431511e+000
5.403074e+000
5.366867e+000
5.321236e+000
5.265383e+000
5.199525e+000
5.124738e+000
5.042571e+000
4.954662e+000
4.862474e+000
4.767169e+000
4.669580e+000
4.570270e+000
4.469647e+000
4.368077e+000
4.265952e+000
4.163725e+000
4.061935e+000
3.961204e+000
3.862228e+000
3.765740e+000
3.672486e+000
3.583205e+000
3.498597e+000
3.419215e+000
3.345286e+000
3.276604e+000
3.212550e+000
3.152266e+000
3.094888e+000
3.039792e+000
2.986750e+000
2.935872e+000
2.887318e+000
2.840890e+000
2.795756e+000
2.750468e+000
2.703200e+000
2.652051e+000
2.595298e+000
2.531650e+000
2.460494e+000
2.381982e+000
2.296863e+000
2.206123e+000
2.110637e+000
2.010996e+000
1.907564e+000
1.800716e+000
1.691139e+000
1.580008e+000
1.468927e+000
1.359655e+000
1.253764e+000
1.152438e+000
1.056484e+000
9.664828e-001
8.829054e-001
8.060637e-001
7.359805e-001
6.723164e-001
6.144235e-001
5.614848e-001
5.126551e-001
4.671617e-001
4.244080e-001
3.841243e-001
3.464939e-001
3.121488e-001
2.820309e-001
2.571853e-001
2.385112e-001
2.264758e-001
2.209074e-001
2.209990e-001
2.255142e-001
2.330592e-001
2.423112e-001
2.522278e-001
2.622911e-001
2.726861e-001
2.842738e-001
2.983559e-001
3.162908e-001
3.390108e-001
3.666061e-001
3.982064e-001
4.322108e-001
4.666879e-001
4.997189e-001
5.295869e-001
5.549239e-001
5.749451e-001
5.896631e-001
5.998904e-001
6.070069e-001
6.126321e-001
6.183334e-001
6.253688e-001
6.344533e-001
6.456460e-001
6.584568e-001
6.721720e-001
6.862932e-001
7.008747e-001
7.165721e-001
7.343546e-001
7.549979e-001
7.786336e-001
8.046139e-001
8.317206e-001
8.585846e-001
8.841415e-001
9.079384e-001
9.301574e-001
9.513980e-001
9.723822e-001
9.937290e-001
1.015824e+000
1.038752e+000
1.062301e+000
1.086031e+000
1.109392e+000
1.131841e+000
1.152951e+000
1.172470e+000
1.190286e+000
1.206306e+000
1.220305e+000
1.231857e+000
1.240361e+000
1.245136e+000
1.245511e+000
1.240928e+000
1.231075e+000
1.216019e+000
1.196234e+000
1.172482e+000
1.145571e+000
1.116080e+000
1.084197e+000
1.049743e+000
1.012388e+000
9.719389e-001
9.285643e-001
8.828312e-001
8.355488e-001
7.874662e-001
7.389248e-001
6.896454e-001
6.387662e-001
5.850981e-001
5.275037e-001
4.652894e-001
3.984372e-001
3.275564e-001
2.535789e-001
1.773354e-001
9.921516e-002
1.907286e-002
-6.361619e-002
-1.494589e-001
-2.388193e-001
-3.315904e-001
-4.271654e-001
-5.245940e-001
-6.228054e-001
-7.207758e-001
-8.175870e-001
-9.124045e-001
-1.004438e+000
-1.092918e+000
-1.177090e+000
-1.256199e+000
-1.329462e+000
-1.396039e+000
-1.455065e+000
-1.505850e+000
-1.548224e+000
-1.582796e+000
-1.610933e+000
-1.634494e+000
-1.655496e+000
-1.675875e+000
-1.697423e+000
-1.721839e+000
-1.750778e+000
-1.785677e+000
-1.827328e+000
-1.875482e+000
-1.928809e+000
-1.985216e+000
-2.042314e+000
-2.097780e+000
-2.149551e+000
-2.195963e+000
-2.235921e+000
-2.268979e+000
-2.295227e+000
-2.315062e+000
-2.329045e+000
-2.337893e+000
-2.342547e+000
-2.344196e+000
-2.344215e+000
-2.344075e+000
-2.345233e+000
-2.349022e+000
-2.356535e+000
-2.368566e+000
-2.385647e+000
-2.408126e+000
-2.436160e+000
-2.469581e+000
-2.507756e+000
-2.549584e+000
-2.593634e+000
-2.638379e+000
-2.682432e+000
-2.724749e+000
-2.764738e+000
-2.802244e+000
-2.837472e+000
-2.870860e+000
-2.902968e+000
-2.934378e+000
-2.965588e+000
-2.996906e+000
-3.028381e+000
-3.059895e+000
-3.091370e+000
-3.122971e+000
-3.155181e+000
-3.188723e+000
-3.224410e+000
-3.263023e+000
-3.305197e+000
-3.351278e+000
-3.401174e+000
-3.454297e+000
-3.509674e+000
-3.566129e+000
-3.622459e+000
-3.677524e+000
-3.730252e+000
-3.779596e+000
-3.824561e+000
-3.864340e+000
-3.898486e+000
-3.926985e+000
-3.950130e+000
-3.968276e+000
-3.981615e+000
-3.990078e+000
-3.993426e+000
-3.991470e+000
-3.984339e+000
-3.972625e+000
-3.957337e+000
-3.939716e+000
-3.921043e+000
-3.902530e+000
-3.885273e+000
-3.870211e+000
-3.858059e+000
-3.849256e+000
-3.843970e+000
-3.842158e+000
-3.843638e+000
-3.848164e+000
-3.855462e+000
-3.865258e+000
-3.877277e+000
-3.891235e+000
-3.906827e+000
-3.923761e+000
-3.941865e+000
-3.961239e+000
-3.982345e+000
-4.005972e+000
-4.033092e+000
-4.064638e+000
-4.101224e+000
-4.142880e+000
-4.188981e+000
-4.238393e+000
-4.289749e+000
-4.341681e+000
-4.392969e+000
-4.442609e+000
-4.489827e+000
-4.534036e+000
-4.574760e+000
-4.611559e+000
-4.643993e+000
-4.671656e+000
-4.694313e+000
-4.712052e+000
-4.725346e+000
-4.734970e+000
-4.741844e+000
-4.746861e+000
-4.750719e+000
-4.753783e+000
-4.756044e+000
-4.757197e+000
-4.756794e+000
-4.754379e+000
-4.749607e+000
-4.742392e+000
-4.733054e+000
-4.722368e+000
-4.711462e+000
-4.701649e+000
-4.694264e+000
-4.690558e+000
-4.691569e+000
-4.697845e+000
-4.709157e+000
-4.724418e+000
-4.741881e+000
-4.759495e+000
-4.775259e+000
-4.787568e+000
-4.795493e+000
-4.798862e+000
-4.798101e+000
-4.793920e+000
-4.787029e+000
-4.777978e+000
-4.767185e+000
-4.755080e+000
-4.742239e+000
-4.729428e+000
-4.717522e+000
-4.707329e+000
-4.699372e+000
-4.693793e+000
-4.690439e+000
-4.689126e+000
-4.689891e+000
-4.693098e+000
-4.699369e+000
-4.709391e+000
-4.723724e+000
-4.742664e+000
-4.766236e+000
-4.794264e+000
-4.826441e+000
-4.862344e+000
-4.901374e+000
-4.942737e+000
-4.985464e+000
-5.028490e+000
-5.070742e+000
-5.111259e+000
-5.149333e+000
-5.184602e+000
-5.217032e+000
-5.246777e+000
-5.273993e+000
-5.298662e+000
-5.320512e+000
-5.339073e+000
-5.353857e+000
-5.364602e+000
-5.371453e+000
-5.374973e+000
-5.375997e+000
-5.375443e+000
-5.374176e+000
-5.372975e+000
-5.372563e+000
-5.373666e+000
-5.377031e+000
-5.383372e+000
-5.393269e+000
-5.407092e+000
-5.424971e+000
-5.446827e+000
-5.472429e+000
-5.501470e+000
-5.533624e+000
-5.568587e+000
-5.606144e+000
-5.646290e+000
-5.689342e+000
-5.735900e+000
-5.786589e+000
-5.841627e+000
-5.900503e+000
-5.961966e+000
-6.024276e+000
-6.085551e+000
-6.144006e+000
-6.198051e+000
-6.246328e+000
-6.287735e+000
-6.321426e+000
-6.346757e+000
-6.363203e+000
-6.370274e+000
-6.367502e+000
-6.354559e+000
-6.331515e+000
-6.299048e+000
-6.258448e+000
-6.211423e+000
-6.159827e+000
-6.105468e+000
-6.050037e+000
-5.995146e+000
-5.942384e+000
-5.893251e+000
-5.848893e+000
-5.809818e+000
-5.775800e+000
-5.746055e+000
-5.719540e+000
-5.695215e+000
-5.672170e+000
-5.649602e+000
-5.626741e+000
-5.602796e+000
-5.577056e+000
-5.549119e+000
-5.519090e+000
-5.487595e+000
-5.455615e+000
-5.424251e+000
-5.394514e+000
-5.367132e+000
-5.342414e+000
-5.320228e+000
-5.300110e+000
-5.281440e+000
-5.263590e+000
-5.245997e+000
-5.228181e+000
-5.209787e+000
-5.190645e+000
-5.170802e+000
-5.150469e+000
-5.129923e+000
-5.109415e+000
-5.089137e+000
-5.069245e+000
-5.049902e+000
-5.031300e+000
-5.013661e+000
-4.997192e+000
-4.982027e+000
-4.968199e+000
-4.955695e+000
-4.944602e+000
-4.935267e+000
-4.928345e+000
-4.924663e+000
-4.924898e+000
-4.929241e+000
-4.937263e+000
-4.948035e+000
-4.960394e+000
-4.973187e+000
-4.985413e+000
-4.996315e+000
-5.005452e+000
-5.012734e+000
-5.018361e+000
-5.022691e+000
-5.026090e+000
-5.028826e+000
-5.031047e+000
-5.032851e+000
-5.034419e+000
-5.036122e+000
-5.038550e+000
-5.042446e+000
-5.048591e+000
-5.057622e+000
-5.069762e+000
-5.084581e+000
-5.100947e+000
-5.117220e+000
-5.131539e+000
-5.142065e+000
-5.147136e+000
-5.145446e+000
-5.136249e+000
-5.119468e+000
-5.095595e+000
-5.065458e+000
-5.029941e+000
-4.989782e+000
-4.945460e+000
-4.897235e+000
-4.845329e+000
-4.790173e+000
-4.732555e+000
-4.673556e+000
-4.614332e+000
-4.555878e+000
-4.498845e+000
-4.443436e+000
-4.389393e+000
-4.336095e+000
-4.282756e+000
-4.228679e+000
-4.173489e+000
-4.117235e+000
-4.060313e+000
-4.003288e+000
-3.946700e+000
-3.890868e+000
-3.835714e+000
-3.780735e+000
-3.725165e+000
-3.668250e+000
-3.609450e+000
-3.548473e+000
-3.485151e+000
-3.419280e+000
-3.350546e+000
-3.278578e+000
-3.203077e+000
-3.123929e+000
-3.041209e+000
-2.955108e+000
-2.865832e+000
-2.773562e+000
-2.678510e+000
-2.581055e+000
-2.481852e+000
-2.381823e+000
-2.282059e+000
-2.183696e+000
-2.087803e+000
-1.995277e+000
-1.906748e+000
-1.822564e+000
-1.742851e+000
-1.667614e+000
-1.596808e+000
-1.530333e+000
-1.468015e+000
-1.409599e+000
-1.354846e+000
-1.303676e+000
-1.256283e+000
-1.213128e+000
-1.174817e+000
-1.141889e+000
-1.114587e+000
-1.092763e+000
-1.075920e+000
-1.063333e+000
-1.054120e+000
-1.047262e+000
-1.041602e+000
-1.035869e+000
-1.028712e+000
-1.018753e+000
-1.004621e+000
-9.850046e-001
-9.588090e-001
-9.253609e-001
-8.845354e-001
-8.366936e-001
-7.824819e-001
-7.226149e-001
-6.577478e-001
-5.884800e-001
-5.154612e-001
-4.395047e-001
-3.616270e-001
-2.829987e-001
-2.048519e-001
-1.284018e-001
-5.481305e-002
1.480838e-002
7.947351e-002
1.384617e-001
1.914721e-001
2.386475e-001
2.804528e-001
3.174900e-001
3.503484e-001
3.795427e-001
4.055291e-001
4.287556e-001
4.497039e-001
4.688985e-001
4.868774e-001
5.041253e-001
5.210008e-001
5.377102e-001
5.543678e-001
5.711255e-001
5.882858e-001
6.063145e-001
6.257536e-001
6.471078e-001
6.707745e-001
6.970162e-001
7.259348e-001
7.574444e-001
7.912776e-001
8.270529e-001
8.644144e-001
9.032111e-001
9.436159e-001
9.861272e-001
1.031483e+000
1.080537e+000
1.134069e+000
1.192507e+000
1.255672e+000
1.322718e+000
1.392305e+000
1.462871e+000
1.532871e+000
1.600892e+000
1.665748e+000
1.726644e+000
1.783352e+000
1.836240e+000
1.886119e+000
1.933984e+000
1.980773e+000
2.027219e+000
2.073836e+000
2.121003e+000
2.169079e+000
2.218462e+000
2.269572e+000
2.322696e+000
2.377779e+000
2.434295e+000
2.491296e+000
2.547593e+000
2.601947e+000
2.653190e+000
2.700258e+000
2.742210e+000
2.778274e+000
2.807873e+000
2.830622e+000
2.846257e+000
2.854575e+000
2.855437e+000
2.848871e+000
2.835211e+000
2.815129e+000
2.789567e+000
2.759588e+000
2.726256e+000
2.690575e+000
2.653494e+000
2.615947e+000
2.578865e+000
2.543069e+000
2.509079e+000
2.476949e+000
2.446266e+000
2.416310e+000
2.386259e+000
2.355334e+000
2.322881e+000
2.288437e+000
2.251795e+000
2.213035e+000
2.172470e+000
2.130519e+000
2.087577e+000
2.043923e+000
1.999747e+000
1.955284e+000
1.910963e+000
1.867476e+000
1.825722e+000
1.786694e+000
1.751377e+000
1.720685e+000
1.695403e+000
1.676040e+000
1.662657e+000
1.654797e+000
1.651598e+000
1.651986e+000
1.654900e+000
1.659457e+000
1.665055e+000
1.671360e+000
1.678199e+000
1.685415e+000
1.692775e+000
1.699989e+000
1.706783e+000
1.712968e+000
1.718444e+000
1.723152e+000
1.727018e+000
1.729908e+000
1.731632e+000
1.731959e+000
1.730636e+000
1.727394e+000
1.721967e+000
1.714118e+000
1.703674e+000
1.690527e+000
1.674644e+000
1.656076e+000
1.634993e+000
1.611683e+000
1.586513e+000
1.559859e+000
1.532028e+000
1.503254e+000
1.473754e+000
1.443820e+000
1.413872e+000
1.384442e+000
1.356122e+000
1.329491e+000
1.305071e+000
1.283300e+000
1.264519e+000
1.248920e+000
1.236487e+000
1.226983e+000
1.220004e+000
1.215068e+000
1.211717e+000
1.209580e+000
1.208391e+000
1.207938e+000
1.207979e+000
1.208159e+000
1.207996e+000
1.206914e+000
1.204342e+000
1.199865e+000
1.193380e+000
1.185165e+000
1.175803e+000
1.166029e+000
1.156559e+000
1.147958e+000
1.140580e+000
1.134595e+000
1.130078e+000
1.127105e+000
1.125829e+000
1.126527e+000
1.129584e+000
1.135424e+000
1.144363e+000
1.156449e+000
1.171391e+000
1.188618e+000
1.207426e+000
1.227188e+000
1.247539e+000
1.268469e+000
1.290276e+000
1.313419e+000
1.338366e+000
1.365459e+000
1.394836e+000
1.426410e+000
1.459930e+000
1.495071e+000
1.531507e+000
1.568946e+000
1.607121e+000
1.645766e+000
1.684595e+000
1.723304e+000
1.761575e+000
1.799127e+000
1.835762e+000
1.871416e+000
1.906143e+000
1.940059e+000
1.973244e+000
2.005658e+000
2.037119e+000
2.067340e+000
2.095997e+000
2.122804e+000
2.147608e+000
2.170478e+000
2.191737e+000
2.211907e+000
2.231599e+000
2.251347e+000
2.271392e+000
2.291529e+000
2.311100e+000
2.329129e+000
2.344531e+000
2.356246e+000
2.363310e+000
2.364909e+000
2.360509e+000
2.350025e+000
2.333864e+000
2.312826e+000
2.287904e+000
2.260110e+000
2.230385e+000
2.199606e+000
2.168623e+000
2.138267e+000
2.109268e+000
2.082121e+000
2.057014e+000
2.033881e+000
2.012548e+000
1.992899e+000
1.974977e+000
1.958975e+000
1.945145e+000
1.933677e+000
1.924605e+000
1.917812e+000
1.913109e+000
1.910373e+000
1.909636e+000
1.911103e+000
1.915066e+000
1.921774e+000
1.931347e+000
1.943759e+000
1.958907e+000
1.976718e+000
1.997234e+000
2.020550e+000
2.046629e+000
2.075095e+000
2.105171e+000
2.135782e+000
2.165728e+000
2.193853e+000
2.219164e+000
2.240938e+000
2.258754e+000
2.272481e+000
2.282231e+000
2.288337e+000
2.291330e+000
2.291901e+000
2.290836e+000
2.288923e+000
2.286827e+000
2.284971e+000
2.283485e+000
2.282270e+000
2.281124e+000
2.279889e+000
2.278570e+000
2.277381e+000
2.276704e+000
2.276948e+000
2.278368e+000
2.280924e+000
2.284264e+000
2.287825e+000
2.290976e+000
2.293166e+000
2.294044e+000
2.293537e+000
2.291815e+000
2.289155e+000
2.285746e+000
2.281564e+000
2.276364e+000
2.269774e+000
2.261412e+000
2.250965e+000
2.238203e+000
2.222939e+000
2.204984e+000
2.184119e+000
2.160115e+000
2.132833e+000
2.102353e+000
2.069052e+000
2.033576e+000
1.996723e+000
1.959315e+000
1.922083e+000
1.885592e+000
1.850219e+000
1.816195e+000
1.783681e+000
1.752813e+000
1.723702e+000
1.696393e+000
1.670846e+000
1.646933e+000
1.624482e+000
1.603308e+000
1.583251e+000
1.564211e+000
1.546191e+000
1.529317e+000
1.513827e+000
1.500017e+000
1.488189e+000
1.478571e+000
1.471229e+000
1.466018e+000
1.462598e+000
1.460516e+000
1.459287e+000
1.458459e+000
1.457666e+000
1.456697e+000
1.455549e+000
1.454418e+000
1.453641e+000
1.453608e+000
1.454700e+000
1.457253e+000
1.461503e+000
1.467489e+000
1.474977e+000
1.483460e+000
1.492263e+000
1.500705e+000
1.508216e+000
1.514379e+000
1.518842e+000
1.521208e+000
1.520951e+000
1.517415e+000
1.509878e+000
1.497647e+000
1.480196e+000
1.457285e+000
1.428995e+000
1.395673e+000
1.357856e+000
1.316234e+000
1.271630e+000
1.224971e+000
1.177261e+000
1.129533e+000
1.082829e+000
1.038164e+000
9.964401e-001
9.582440e-001
9.236614e-001
8.922373e-001
8.631193e-001
8.352827e-001
8.077170e-001
7.795357e-001
7.500684e-001
7.189710e-001
6.862898e-001
6.524150e-001
6.179473e-001
5.835510e-001
5.498477e-001
5.173508e-001
4.864278e-001
4.573011e-001
4.300934e-001
4.049098e-001
3.819247e-001
3.614304e-001
3.438240e-001
3.295171e-001
3.187613e-001
3.114542e-001
3.070511e-001
3.046398e-001
3.031162e-001
3.013541e-001
2.982973e-001
2.929712e-001
2.845061e-001
2.722826e-001
2.561529e-001
2.365592e-001
2.144509e-001
1.910615e-001
1.676637e-001
1.453680e-001
1.249883e-001
1.070070e-001
9.163801e-002
7.892798e-002
6.884040e-002
6.129224e-002
5.613928e-002
5.313290e-002
5.188005e-002
5.182621e-002
5.227161e-002
5.241797e-002
5.142455e-002
4.845202e-002
4.270550e-002
3.352515e-002
2.052198e-002
3.667839e-003
-1.673992e-002
-4.023034e-002
-6.634748e-002
-9.477809e-002
-1.253683e-001
-1.580465e-001
-1.927142e-001
-2.291702e-001
-2.671030e-001
-3.061381e-001
-3.459173e-001
-3.861854e-001
-4.268480e-001
-4.679696e-001
-5.097129e-001
-5.522439e-001
-5.956418e-001
-6.398561e-001
-6.847300e-001
-7.300634e-001
-7.756730e-001
-8.214166e-001
-8.671775e-001
-9.128206e-001
-9.581531e-001
-1.002913e+000
-1.046797e+000
-1.089526e+000
-1.130945e+000
-1.171078e+000
-1.210127e+000
-1.248377e+000
-1.286094e+000
-1.323453e+000
-1.360546e+000
-1.397454e+000
-1.434350e+000
-1.471543e+000
-1.509439e+000
-1.548395e+000
-1.588567e+000
-1.629840e+000
-1.671871e+000
-1.714209e+000
-1.756405e+000
-1.798065e+000
-1.838849e+000
-1.878449e+000
-1.916605e+000
-1.953171e+000
-1.988177e+000
-2.021832e+000
-2.054459e+000
-2.086371e+000
-2.117708e+000
-2.148319e+000
-2.177754e+000
-2.205398e+000
-2.230640e+000
-2.253017e+000
-2.272282e+000
-2.288438e+000
-2.301735e+000
-2.312610e+000
-2.321608e+000
-2.329300e+000
-2.336239e+000
-2.342921e+000
-2.349761e+000
-2.357053e+000
-2.364959e+000
-2.373495e+000
-2.382551e+000
-2.391908e+000
-2.401273e+000
-2.410302e+000
-2.418640e+000
-2.425952e+000
-2.431961e+000
-2.436478e+000
-2.439421e+000
-2.440838e+000
-2.440923e+000
-2.440034e+000
-2.438671e+000
-2.437420e+000
-2.436900e+000
-2.437678e+000
-2.440175e+000
-2.444576e+000
-2.450819e+000
-2.458663e+000
-2.467806e+000
-2.478001e+000
-2.489125e+000
-2.501174e+000
-2.514199e+000
-2.528230e+000
-2.543235e+000
-2.559161e+000
-2.576030e+000
-2.594031e+000
-2.613544e+000
-2.635089e+000
-2.659194e+000
-2.686205e+000
-2.716092e+000
-2.748373e+000
-2.782200e+000
-2.816540e+000
-2.850345e+000
-2.882644e+000
-2.912598e+000
-2.939578e+000
-2.963267e+000
-2.983697e+000
-3.001179e+000
-3.016161e+000
-3.029056e+000
-3.040097e+000
-3.049264e+000
-3.056315e+000
-3.060908e+000
-3.062754e+000
-3.061737e+000
-3.057950e+000
-3.051638e+000
-3.043101e+000
-3.032617e+000
-3.020384e+000
-3.006505e+000
-2.991013e+000
-2.973955e+000
-2.955498e+000
-2.935997e+000
-2.915972e+000
-2.896031e+000
-2.876748e+000
-2.858509e+000
-2.841382e+000
-2.825095e+000
-2.809140e+000
-2.792970e+000
-2.776229e+000
-2.758898e+000
-2.741300e+000
-2.723983e+000
-2.707569e+000
-2.692585e+000
-2.679317e+000
-2.667702e+000
-2.657347e+000
-2.647651e+000
-2.637976e+000
-2.627771e+000
-2.616616e+000
-2.604189e+000
-2.590191e+000
-2.574303e+000
-2.556214e+000
-2.535744e+000
-2.512984e+000
-2.488347e+000
-2.462498e+000
-2.436203e+000
-2.410172e+000
-2.384962e+000
-2.360970e+000
-2.338492e+000
-2.317783e+000
-2.299039e+000
-2.282311e+000
-2.267438e+000
-2.254054e+000
-2.241681e+000
-2.229858e+000
-2.218249e+000
-2.206698e+000
-2.195228e+000
-2.184005e+000
-2.173285e+000
-2.163365e+000
-2.154555e+000
-2.147157e+000
-2.141460e+000
-2.137687e+000
-2.135920e+000
-2.136054e+000
-2.137808e+000
-2.140799e+000
-2.144617e+000
-2.148885e+000
-2.153300e+000
-2.157641e+000
-2.161770e+000
-2.165630e+000
-2.169237e+000
-2.172670e+000
-2.176070e+000
-2.179665e+000
-2.183785e+000
-2.188855e+000
-2.195350e+000
-2.203728e+000
-2.214350e+000
-2.227448e+000
-2.243132e+000
-2.261430e+000
-2.282305e+000
-2.305659e+000
-2.331320e+000
-2.359044e+000
-2.388523e+000
-2.419386e+000
-2.451189e+000
-2.483406e+000
-2.515440e+000
-2.546679e+000
-2.576582e+000
-2.604741e+000
-2.630916e+000
-2.655038e+000
-2.677174e+000
-2.697494e+000
-2.716211e+000
-2.733559e+000
-2.749796e+000
-2.765229e+000
-2.780226e+000
-2.795205e+000
-2.810578e+000
-2.826643e+000
-2.843493e+000
-2.860985e+000
-2.878800e+000
-2.896545e+000
-2.913842e+000
-2.930416e+000
-2.946193e+000
-2.961353e+000
-2.976325e+000
-2.991695e+000
-3.008106e+000
-3.026187e+000
-3.046525e+000
-3.069668e+000
-3.096072e+000
-3.125999e+000
-3.159421e+000
-3.196022e+000
-3.235288e+000
-3.276634e+000
-3.319495e+000
-3.363355e+000
-3.407727e+000
-3.452092e+000
-3.495858e+000
-3.538347e+000
-3.578847e+000
-3.616703e+000
-3.651402e+000
-3.682621e+000
-3.710230e+000
-3.734267e+000
-3.754869e+000
-3.772175e+000
-3.786235e+000
-3.796981e+000
-3.804272e+000
-3.807967e+000
-3.807996e+000
-3.804367e+000
-3.797126e+000
-3.786289e+000
-3.771791e+000
-3.753508e+000
-3.731380e+000
-3.705582e+000
-3.676646e+000
-3.645439e+000
-3.613032e+000
-3.580524e+000
-3.548884e+000
-3.518857e+000
-3.490964e+000
-3.465568e+000
-3.442922e+000
-3.423158e+000
-3.406246e+000
-3.391939e+000
-3.379709e+000
-3.368744e+000
-3.358044e+000
-3.346632e+000
-3.333735e+000
-3.318864e+000
-3.301799e+000
-3.282575e+000
-3.261451e+000
-3.238864e+000
-3.215362e+000
-3.191537e+000
-3.167983e+000
-3.145263e+000
-3.123882e+000
-3.104239e+000
-3.086617e+000
-3.071164e+000
-3.057910e+000
-3.046777e+000
-3.037584e+000
-3.030011e+000
-3.023584e+000
-3.017725e+000
-3.011860e+000
-3.005527e+000
-2.998422e+000
-2.990380e+000
-2.981321e+000
-2.971179e+000
-2.959886e+000
-2.947380e+000
-2.933640e+000
-2.918708e+000
-2.902673e+000
-2.885646e+000
-2.867733e+000
-2.849019e+000
-2.829597e+000
-2.809622e+000
-2.789373e+000
-2.769267e+000
-2.749824e+000
-2.731549e+000
-2.714780e+000
-2.699579e+000
-2.685712e+000
-2.672735e+000
-2.660100e+000
-2.647233e+000
-2.633584e+000
-2.618654e+000
-2.602018e+000
-2.583343e+000
-2.562371e+000
-2.538918e+000
-2.512889e+000
-2.484308e+000
-2.453326e+000
-2.420186e+000
-2.385168e+000
-2.348526e+000
-2.310443e+000
-2.271035e+000
-2.230377e+000
-2.188553e+000
-2.145693e+000
-2.101986e+000
-2.057666e+000
-2.012990e+000
-1.968241e+000
-1.923736e+000
-1.879842e+000
-1.836963e+000
-1.795532e+000
-1.755967e+000
-1.718580e+000
-1.683462e+000
-1.650398e+000
-1.618900e+000
-1.588314e+000
-1.557941e+000
-1.527138e+000
-1.495398e+000
-1.462451e+000
-1.428312e+000
-1.393255e+000
-1.357707e+000
-1.322143e+000
-1.287015e+000
-1.252734e+000
-1.219693e+000
-1.188290e+000
-1.158944e+000
-1.132035e+000
-1.107778e+000
-1.086077e+000
-1.066488e+000
-1.048295e+000
-1.030665e+000
-1.012805e+000
-9.940772e-001
-9.740530e-001
-9.524823e-001
-9.292373e-001
-9.042656e-001
-8.775550e-001
-8.490910e-001
-8.188113e-001
-7.865824e-001
-7.522184e-001
-7.155524e-001
-6.765460e-001
-6.353690e-001
-5.924003e-001
-5.481557e-001
-5.031940e-001
-4.580509e-001
-4.132158e-001
-3.691266e-001
-3.261547e-001
-2.845699e-001
-2.444996e-001
-2.059041e-001
-1.685929e-001
-1.322786e-001
-9.664449e-002
-6.140635e-002
-2.634880e-002
8.667116e-003
4.371000e-002
7.878134e-002
1.138072e-001
1.486203e-001
1.829501e-001
2.164386e-001
2.486877e-001
2.793262e-001
3.080788e-001
3.348108e-001
3.595343e-001
3.823739e-001
4.035100e-001
4.231201e-001
4.413280e-001
4.581737e-001
4.736141e-001
4.875532e-001
4.998869e-001
5.105501e-001
5.195505e-001
5.269704e-001
5.329357e-001
5.375626e-001
5.409085e-001
5.429531e-001
5.436166e-001
5.428082e-001
5.404869e-001
5.367023e-001
5.315809e-001
5.252635e-001
5.178402e-001
5.093353e-001
4.997574e-001
4.891789e-001
4.777848e-001
4.658557e-001
4.536762e-001
4.414076e-001
4.289993e-001
4.161927e-001
4.025997e-001
3.878039e-001
3.714510e-001
3.533235e-001
3.333785e-001
3.117195e-001
2.885174e-001
2.639278e-001
2.380424e-001
2.108807e-001
1.824118e-001
1.525865e-001
1.213701e-001
8.878534e-002
5.496702e-002
2.019624e-002
-1.511229e-002
-5.046142e-002
-8.533279e-002
-1.192442e-001
-1.518034e-001
-1.827454e-001
-2.119290e-001
-2.392955e-001
-2.648090e-001
-2.884052e-001
-3.099703e-001
-3.293497e-001
-3.463756e-001
-3.609118e-001
-3.729203e-001
-3.825239e-001
-3.900207e-001
-3.958411e-001
-4.004742e-001
-4.043902e-001
-4.079511e-001
-4.113197e-001
-4.144184e-001
-4.169931e-001
-4.187704e-001
-4.196216e-001
-4.196377e-001
-4.190878e-001
-4.182960e-001
-4.175024e-001
-4.167786e-001
-4.160420e-001
-4.151617e-001
-4.140934e-001
-4.129624e-001
-4.120566e-001
-4.117517e-001
-4.124125e-001
-4.142950e-001
-4.174817e-001
-4.218790e-001
-4.272838e-001
-4.334907e-001
-4.403903e-001
-4.480025e-001
-4.564270e-001
-4.657550e-001
-4.760019e-001
-4.871007e-001
-4.989612e-001
-5.115624e-001
-5.250235e-001
-5.396067e-001
-5.556481e-001
-5.734361e-001
-5.930978e-001
-6.145560e-001
-6.375725e-001
-6.618360e-001
-6.870420e-001
-7.129288e-001
-7.392792e-001
-7.659176e-001
-7.927219e-001
-8.196364e-001
-8.466691e-001
-8.738720e-001
-9.013075e-001
-9.289955e-001
-9.568440e-001
-9.845999e-001
-1.011856e+000
-1.038104e+000
-1.062812e+000
-1.085504e+000
-1.105847e+000
-1.123697e+000
-1.139095e+000
-1.152203e+000
-1.163259e+000
-1.172552e+000
-1.180418e+000
-1.187242e+000
-1.193444e+000
-1.199462e+000
-1.205726e+000
-1.212607e+000
-1.220368e+000
-1.229149e+000
-1.238987e+000
-1.249870e+000
-1.261780e+000
-1.274721e+000
-1.288712e+000
-1.303783e+000
-1.319951e+000
-1.337212e+000
-1.355520e+000
-1.374740e+000
-1.394609e+000
-1.414726e+000
-1.434582e+000
-1.453614e+000
-1.471280e+000
-1.487154e+000
-1.501024e+000
-1.512925e+000
-1.523085e+000
-1.531776e+000
-1.539165e+000
-1.545224e+000
-1.549757e+000
-1.552504e+000
-1.553291e+000
-1.552126e+000
-1.549206e+000
-1.544845e+000
-1.539362e+000
-1.532967e+000
-1.525684e+000
-1.517336e+000
-1.507613e+000
-1.496153e+000
-1.482613e+000
-1.466726e+000
-1.448354e+000
-1.427513e+000
-1.404367e+000
-1.379166e+000
-1.352162e+000
-1.323534e+000
-1.293357e+000
-1.261618e+000
-1.228265e+000
-1.193268e+000
-1.156673e+000
-1.118640e+000
-1.079427e+000
-1.039323e+000
-9.985709e-001
-9.573219e-001
-9.156437e-001
-8.735632e-001
-8.311170e-001
-7.883824e-001
-7.454813e-001
-7.025613e-001
-6.597714e-001
-6.172451e-001
-5.750961e-001
-5.334252e-001
-4.923311e-001
-4.519189e-001
-4.123122e-001
-3.736796e-001
-3.362654e-001
-3.004034e-001
-2.664971e-001
-2.349695e-001
-2.061937e-001
-1.804197e-001
-1.577112e-001
-1.379194e-001
-1.207158e-001
-1.056656e-001
-9.230396e-002
-8.018284e-002
-6.888419e-002
-5.802248e-002
-4.725932e-002
-3.632698e-002
-2.505631e-002
-1.341747e-002
-1.557991e-003
1.019769e-002
2.139635e-002
3.152565e-002
4.007108e-002
4.654160e-002
5.046923e-002
5.142199e-002
4.907912e-002
4.334796e-002
3.443274e-002
2.279976e-002
9.063873e-003
-6.138389e-003
-2.223210e-002
-3.872138e-002
-5.515730e-002
-7.109154e-002
-8.604592e-002
-9.950891e-002
-1.109515e-001
-1.198510e-001
-1.257353e-001
-1.282717e-001
-1.273700e-001
-1.232235e-001
-1.162544e-001
-1.070030e-001
-9.602200e-002
-8.381561e-002
-7.082812e-002
-5.746504e-002
-4.411688e-002
-3.113915e-002
-1.876153e-002
-6.978496e-003
4.490948e-003
1.614584e-002
2.859137e-002
4.243548e-002
5.822780e-002
7.643944e-002
9.746575e-002
1.216153e-001
1.490533e-001
1.797308e-001
2.133640e-001
2.494927e-001
2.875852e-001
3.271357e-001
3.677107e-001
4.089401e-001
4.504782e-001
4.919673e-001
5.330231e-001
5.732578e-001
6.123477e-001
6.501157e-001
6.865727e-001
7.218885e-001
7.563180e-001
7.901196e-001
8.234910e-001
8.565321e-001
8.892444e-001
9.215624e-001
9.533957e-001
9.846581e-001
1.015268e+000
1.045112e+000
1.074006e+000
1.101688e+000
1.127880e+000
1.152402e+000
1.175251e+000
1.196572e+000
1.216560e+000
1.235366e+000
1.253049e+000
1.269614e+000
1.285089e+000
1.299616e+000
1.313473e+000
1.327028e+000
1.340653e+000
1.354664e+000
1.369307e+000
1.384789e+000
1.401309e+000
1.419092e+000
1.438382e+000
1.459407e+000
1.482282e+000
1.506905e+000
1.532907e+000
1.559708e+000
1.586634e+000
1.613056e+000
1.638505e+000
1.662709e+000
1.685542e+000
1.706919e+000
1.726675e+000
1.744503e+000
1.759968e+000
1.772597e+000
1.781990e+000
1.787898e+000
1.790222e+000
1.788970e+000
1.784219e+000
1.776104e+000
1.764815e+000
1.750594e+000
1.733719e+000
1.714503e+000
1.693302e+000
1.670542e+000
1.646720e+000
1.622386e+000
1.598085e+000
1.574268e+000
1.551188e+000
1.528870e+000
1.507187e+000
1.486014e+000
1.465366e+000
1.445454e+000
1.426628e+000
1.409295e+000
1.393828e+000
1.380503e+000
1.369460e+000
1.360700e+000
1.354116e+000
1.349545e+000
1.346771e+000
1.345493e+000
1.345273e+000
1.345546e+000
1.345699e+000
1.345217e+000
1.343827e+000
1.341546e+000
1.338619e+000
1.335371e+000
1.332083e+000
1.328948e+000
1.326083e+000
1.323593e+000
1.321601e+000
1.320234e+000
1.319555e+000
1.319494e+000
1.319829e+000
1.320228e+000
1.320316e+000
1.319746e+000
1.318248e+000
1.315647e+000
1.311845e+000
1.306785e+000
1.300416e+000
1.292679e+000
1.283538e+000
1.273023e+000
1.261268e+000
1.248536e+000
1.235192e+000
1.221632e+000
1.208203e+000
1.195166e+000
1.182707e+000
1.170974e+000
1.160117e+000
1.150315e+000
1.141749e+000
1.134554e+000
1.128719e+000
1.124045e+000
1.120151e+000
1.116553e+000
1.112766e+000
1.108420e+000
1.103377e+000
1.097771e+000
1.091944e+000
1.086298e+000
1.081137e+000
1.076581e+000
1.072578e+000
1.068998e+000
1.065756e+000
1.062923e+000
1.060771e+000
1.059717e+000
1.060178e+000
1.062394e+000
1.066331e+000
1.071710e+000
1.078118e+000
1.085140e+000
1.092456e+000
1.099875e+000
1.107324e+000
1.114826e+000
1.122474e+000
1.130412e+000
1.138808e+000
1.147832e+000
1.157622e+000
1.168289e+000
1.179921e+000
1.192617e+000
1.206522e+000
1.221825e+000
1.238712e+000
1.257240e+000
1.277234e+000
1.298262e+000
1.319709e+000
1.340899e+000
1.361223e+000
1.380286e+000
1.398008e+000
1.414622e+000
1.430552e+000
1.446208e+000
1.461790e+000
1.477216e+000
1.492208e+000
1.506479e+000
1.519903e+000
1.532564e+000
1.544678e+000
1.556439e+000
1.567879e+000
1.578812e+000
1.588881e+000
1.597661e+000
1.604756e+000
1.609883e+000
1.612911e+000
1.613861e+000
1.612857e+000
1.610051e+000
1.605578e+000
1.599520e+000
1.591892e+000
1.582622e+000
1.571536e+000
1.558398e+000
1.542987e+000
1.525189e+000
1.505020e+000
1.482573e+000
1.457913e+000
1.430991e+000
1.401624e+000
1.369542e+000
1.334477e+000
1.296277e+000
1.254979e+000
1.210817e+000
1.164147e+000
1.115331e+000
1.064643e+000
1.012236e+000
9.581865e-001
9.025941e-001
8.456864e-001
7.878733e-001
7.297205e-001
6.718703e-001
6.149472e-001
5.594707e-001
5.057947e-001
4.540872e-001
4.043541e-001
3.565033e-001
3.104218e-001
2.660326e-001
2.233105e-001
1.822656e-001
1.429188e-001
1.052863e-001
6.937568e-002
3.517308e-002
2.619817e-003
-2.840758e-002
-5.809788e-002
-8.668707e-002
-1.144330e-001
-1.415914e-001
-1.683933e-001
-1.950197e-001
-2.215708e-001
-2.480401e-001
-2.743110e-001
-3.001866e-001
-3.254521e-001
-3.499560e-001
-3.736770e-001
-3.967354e-001
-4.193456e-001
-4.417469e-001
-4.641505e-001
-4.867256e-001
-5.096221e-001
-5.330165e-001
-5.571555e-001
-5.823702e-001
-6.090539e-001
-6.376022e-001
-6.683116e-001
-7.012718e-001
-7.363197e-001
-7.730845e-001
-8.110888e-001
-8.498437e-001
-8.889007e-001
-9.278619e-001
-9.663879e-001
-1.004224e+000
-1.041223e+000
-1.077332e+000
-1.112528e+000
-1.146749e+000
-1.179859e+000
-1.211667e+000
-1.242016e+000
-1.270872e+000
-1.298368e+000
-1.324771e+000
-1.350413e+000
-1.375608e+000
-1.400570e+000
-1.425329e+000
-1.449710e+000
-1.473381e+000
-1.495979e+000
-1.517223e+000
-1.536962e+000
-1.555149e+000
-1.571775e+000
-1.586815e+000
-1.600207e+000
-1.611864e+000
-1.621729e+000
-1.629832e+000
-1.636325e+000
-1.641465e+000
-1.645560e+000
-1.648869e+000
-1.651518e+000
-1.653462e+000
-1.654517e+000
-1.654439e+000
-1.652986e+000
-1.649949e+000
-1.645125e+000
-1.638292e+000
-1.629203e+000
-1.617653e+000
-1.603569e+000
-1.587073e+000
-1.568463e+000
-1.548146e+000
-1.526553e+000
-1.504106e+000
-1.481204e+000
-1.458249e+000
-1.435658e+000
-1.413872e+000
-1.393341e+000
-1.374470e+000
-1.357518e+000
-1.342503e+000
-1.329192e+000
-1.317165e+000
-1.305929e+000
-1.295007e+000
-1.283994e+000
-1.272581e+000
-1.260546e+000
-1.247723e+000
-1.233972e+000
-1.219164e+000
-1.203209e+000
-1.186106e+000
-1.167985e+000
-1.149121e+000
-1.129910e+000
-1.110810e+000
-1.092288e+000
-1.074795e+000
-1.058753e+000
-1.044541e+000
-1.032457e+000
-1.022671e+000
-1.015181e+000
-1.009789e+000
-1.006114e+000
-1.003643e+000
-1.001806e+000
-1.000079e+000
-9.980707e-001
-9.955607e-001
-9.924897e-001
-9.889160e-001
-9.849629e-001
-9.807733e-001
-9.764783e-001
-9.721830e-001
-9.679677e-001
-9.638949e-001
-9.600137e-001
-9.563565e-001
-9.529367e-001
-9.497508e-001
-9.467885e-001
-9.440576e-001
-9.416186e-001
-9.396068e-001
-9.382093e-001
-9.375859e-001
-9.377778e-001
-9.386695e-001
-9.400274e-001
-9.415771e-001
-9.430716e-001
-9.443272e-001
-9.452274e-001
-9.457114e-001
-9.457650e-001
-9.454188e-001
-9.447585e-001
-9.439469e-001
-9.432388e-001
-9.429717e-001
-9.435260e-001
-9.452378e-001
-9.482744e-001
-9.525345e-001
-9.576445e-001
-9.630461e-001
-9.681170e-001
-9.722840e-001
-9.751202e-001
-9.764115e-001
-9.761554e-001
-9.744854e-001
-9.715609e-001
-9.674693e-001
-9.621782e-001
-9.555466e-001
-9.473760e-001
-9.374651e-001
-9.256406e-001
-9.117527e-001
-8.956418e-001
-8.770994e-001
-8.558497e-001
-8.315690e-001
-8.039382e-001
-7.727157e-001
-7.378047e-001
-6.992847e-001
-6.573925e-001
-6.124733e-001
-5.649390e-001
-5.152468e-001
-4.638902e-001
-4.113849e-001
-3.582260e-001
-3.048107e-001
-2.513683e-001
-1.979498e-001
-1.444845e-001
-9.087583e-002
-3.708796e-002
1.681387e-002
7.067958e-002
1.243233e-001
1.775778e-001
2.303358e-001
2.825638e-001
3.342869e-001
3.855549e-001
4.364013e-001
4.868078e-001
5.366894e-001
5.859060e-001
6.342892e-001
6.816688e-001
7.278859e-001
7.727927e-001
8.162446e-001
8.580925e-001
8.981789e-001
9.363335e-001
9.723626e-001
1.006035e+000
1.037075e+000
1.065179e+000
1.090058e+000
1.111543e+000
1.129695e+000
1.144859e+000
1.157604e+000
1.168619e+000
1.178604e+000
1.188216e+000
1.198062e+000
1.208708e+000
1.220657e+000
1.234311e+000
1.249959e+000
1.267800e+000
1.287998e+000
1.310722e+000
1.336113e+000
1.364193e+000
1.394777e+000
1.427463e+000
1.461697e+000
1.496874e+000
1.532437e+000
1.567950e+000
1.603139e+000
1.637865e+000
1.672054e+000
1.705580e+000
1.738188e+000
1.769466e+000
1.798905e+000
1.826011e+000
1.850474e+000
1.872306e+000
1.891865e+000
1.909754e+000
1.926656e+000
1.943151e+000
1.959559e+000
1.975869e+000
1.991810e+000
2.007004e+000
2.021135e+000
2.034031e+000
2.045644e+000
2.055978e+000
2.064996e+000
2.072590e+000
2.078609e+000
2.082954e+000
2.085686e+000
2.087059e+000
2.087486e+000
2.087452e+000
2.087438e+000
2.087871e+000
2.089075e+000
2.091237e+000
2.094379e+000
2.098394e+000
2.103084e+000
2.108199e+000
2.113437e+000
2.118467e+000
2.123006e+000
2.126925e+000
2.130322e+000
2.133499e+000
2.136882e+000
2.140911e+000
2.145931e+000
2.152089e+000
2.159280e+000
2.167173e+000
2.175306e+000
2.183205e+000
2.190487e+000
2.196943e+000
2.202538e+000
2.207360e+000
2.211540e+000
2.215198e+000
2.218426e+000
2.221307e+000
2.223948e+000
2.226499e+000
2.229145e+000
2.232074e+000
2.235407e+000
2.239122e+000
2.243032e+000
2.246818e+000
2.250114e+000
2.252641e+000
2.254337e+000
2.255432e+000
2.256382e+000
2.257734e+000
2.259987e+000
2.263521e+000
2.268588e+000
2.275310e+000
2.283674e+000
2.293544e+000
2.304695e+000
2.316863e+000
2.329805e+000
2.343367e+000
2.357517e+000
2.372322e+000
2.387866e+000
2.404157e+000
2.421085e+000
2.438455e+000
2.456081e+000
2.473881e+000
2.491928e+000
2.510410e+000
2.529553e+000
2.549512e+000
2.570302e+000
2.591798e+000
2.613788e+000
2.636062e+000
2.658526e+000
2.681296e+000
2.704719e+000
2.729312e+000
2.755646e+000
2.784171e+000
2.815060e+000
2.848118e+000
2.882838e+000
2.918560e+000
2.954642e+000
2.990590e+000
3.026073e+000
3.060863e+000
3.094742e+000
3.127419e+000
3.158503e+000
3.187527e+000
3.213996e+000
3.237438e+000
3.257456e+000
3.273791e+000
3.286358e+000
3.295215e+000
3.300501e+000
3.302360e+000
3.300907e+000
3.296234e+000
3.288443e+000
3.277681e+000
3.264158e+000
3.248154e+000
3.230032e+000
3.210238e+000
3.189292e+000
3.167748e+000
3.146148e+000
3.124952e+000
3.104477e+000
3.084858e+000
3.066042e+000
3.047808e+000
3.029804e+000
3.011601e+000
2.992742e+000
2.972771e+000
2.951257e+000
2.927852e+000
2.902380e+000
2.874899e+000
2.845683e+000
2.815142e+000
2.783704e+000
2.751695e+000
2.719241e+000
2.686246e+000
2.652446e+000
2.617522e+000
2.581198e+000
2.543312e+000
2.503827e+000
2.462810e+000
2.420409e+000
2.376826e+000
2.332303e+000
2.287099e+000
2.241448e+000
2.195479e+000
2.149141e+000
2.102187e+000
2.054228e+000
2.004811e+000
1.953489e+000
1.899860e+000
1.843607e+000
1.784562e+000
1.722758e+000
1.658423e+000
1.591917e+000
1.523644e+000
1.453975e+000
1.383200e+000
1.311525e+000
1.239108e+000
1.166098e+000
1.092681e+000
1.019093e+000
9.456115e-001
8.725143e-001
8.000325e-001
7.283083e-001
6.573636e-001
5.870933e-001
5.173090e-001
4.478412e-001
3.786570e-001
3.099184e-001
2.419487e-001
1.751296e-001
1.097837e-001
4.610736e-002
-1.581980e-002
-7.597102e-002
-1.342993e-001
-1.907004e-001
-2.450252e-001
-2.971216e-001
-3.468700e-001
-3.941948e-001
-4.390513e-001
-4.814048e-001
-5.212235e-001
-5.584997e-001
-5.932870e-001
-6.257283e-001
-6.560544e-001
-6.845537e-001
-7.115185e-001
-7.371736e-001
-7.616121e-001
-7.847797e-001
-8.065186e-001
-8.266427e-001
-8.450073e-001
-8.615454e-001
-8.762700e-001
-8.892561e-001
-9.006262e-001
-9.105388e-001
-9.191652e-001
-9.266506e-001
-9.330762e-001
-9.384379e-001
-9.426525e-001
-9.455881e-001
-9.471128e-001
-9.471436e-001
-9.456732e-001
-9.427663e-001
-9.385468e-001
-9.332038e-001
-9.270095e-001
-9.203251e-001
-9.135823e-001
-9.072457e-001
-9.017632e-001
-8.975061e-001
-8.947261e-001
-8.935545e-001
-8.940395e-001
-8.961926e-001
-9.000160e-001
-9.055027e-001
-9.126101e-001
-9.212162e-001
-9.310874e-001
-9.418826e-001
-9.531960e-001
-9.646236e-001
-9.758273e-001
-9.865665e-001
-9.966921e-001
-1.006130e+000
-1.014879e+000
-1.023038e+000
-1.030835e+000
-1.038635e+000
-1.046915e+000
-1.056188e+000
-1.066920e+000
-1.079439e+000
-1.093866e+000
-1.110093e+000
-1.127813e+000
-1.146600e+000
-1.165989e+000
-1.185536e+000
-1.204880e+000
-1.223810e+000
-1.242316e+000
-1.260571e+000
-1.278826e+000
-1.297251e+000
-1.315780e+000
-1.334071e+000
-1.351580e+000
-1.367678e+000
-1.381784e+000
-1.393451e+000
-1.402417e+000
-1.408598e+000
-1.412048e+000
-1.412889e+000
-1.411283e+000
-1.407414e+000
-1.401498e+000
-1.393782e+000
-1.384540e+000
-1.374061e+000
-1.362633e+000
-1.350543e+000
-1.338066e+000
-1.325448e+000
-1.312862e+000
-1.300352e+000
-1.287823e+000
-1.275077e+000
-1.261901e+000
-1.248191e+000
-1.234048e+000
-1.219779e+000
-1.205818e+000
-1.192555e+000
-1.180169e+000
-1.168537e+000
-1.157281e+000
-1.145888e+000
-1.133867e+000
-1.120879e+000
-1.106843e+000
-1.091952e+000
-1.076594e+000
-1.061231e+000
-1.046257e+000
-1.031872e+000
-1.018040e+000
-1.004537e+000
-9.910780e-001
-9.774473e-001
-9.635702e-001
-9.495209e-001
-9.354816e-001
-9.216903e-001
-9.083954e-001
-8.958042e-001
-8.840163e-001
-8.729717e-001
-8.624500e-001
-8.521286e-001
-8.416790e-001
-8.308657e-001
-8.196009e-001
-8.079275e-001
-7.959386e-001
-7.836553e-001
-7.709172e-001
-7.573533e-001
-7.424755e-001
-7.258694e-001
-7.073796e-001
-6.871751e-001
-6.656739e-001
-6.433829e-001
-6.207262e-001
-5.979262e-001
-5.749848e-001
-5.517580e-001
-5.280655e-001
-5.037751e-001
-4.788347e-001
-4.532589e-001
-4.270940e-001
-4.003845e-001
-3.731568e-001
-3.454180e-001
-3.171614e-001
-2.883726e-001
-2.590343e-001
-2.291412e-001
-1.987379e-001
-1.679697e-001
-1.371096e-001
-1.065399e-001
-7.669409e-002
-4.796372e-002
-2.059106e-002
5.399582e-003
3.018894e-002
5.407941e-002
7.738424e-002
1.003374e-001
1.230604e-001
1.455960e-001
1.679906e-001
1.903800e-001
2.130287e-001
2.363077e-001
2.606182e-001
2.862732e-001
3.133764e-001
3.417689e-001
3.710737e-001
4.008065e-001
4.305165e-001
4.599318e-001
4.890583e-001
5.181784e-001
5.477593e-001
5.783276e-001
6.103401e-001
6.440506e-001
6.794049e-001
7.160310e-001
7.533278e-001
7.905967e-001
8.271461e-001
8.623327e-001
8.955536e-001
9.262304e-001
9.538360e-001
9.779602e-001
9.983839e-001
1.015122e+000
1.028409e+000
1.038637e+000
1.046277e+000
1.051820e+000
1.055747e+000
1.058534e+000
1.060655e+000
1.062588e+000
1.064777e+000
1.067576e+000
1.071213e+000
1.075792e+000
1.081344e+000
1.087880e+000
1.095430e+000
1.104062e+000
1.113888e+000
1.125061e+000
1.137764e+000
1.152196e+000
1.168551e+000
1.187000e+000
1.207659e+000
1.230553e+000
1.255608e+000
1.282672e+000
1.311545e+000
1.342017e+000
1.373888e+000
1.406969e+000
1.441073e+000
1.476008e+000
1.511555e+000
1.547463e+000
1.583446e+000
1.619193e+000
1.654402e+000
1.688818e+000
1.722265e+000
1.754649e+000
1.785926e+000
1.816066e+000
1.845015e+000
1.872688e+000
1.898971e+000
1.923752e+000
1.946962e+000
1.968617e+000
1.988848e+000
2.007918e+000
2.026221e+000
2.044264e+000
2.062622e+000
2.081899e+000
2.102679e+000
2.125490e+000
2.150742e+000
2.178701e+000
2.209465e+000
2.242969e+000
2.279003e+000
2.317247e+000
2.357310e+000
2.398779e+000
2.441260e+000
2.484409e+000
2.527948e+000
2.571651e+000
2.615322e+000
2.658792e+000
2.701950e+000
2.744778e+000
2.787372e+000
2.829915e+000
2.872634e+000
2.915757e+000
2.959496e+000
3.004063e+000
3.049706e+000
3.096746e+000
3.145584e+000
3.196661e+000
3.250386e+000
3.307043e+000
3.366713e+000
3.429260e+000
3.494376e+000
3.561668e+000
3.630734e+000
3.701209e+000
3.772768e+000
3.845093e+000
3.917843e+000
3.990634e+000
4.063043e+000
4.134632e+000
4.204988e+000
4.273768e+000
4.340759e+000
4.405906e+000
4.469322e+000
4.531248e+000
4.591988e+000
4.651860e+000
4.711157e+000
4.770111e+000
4.828861e+000
4.887430e+000
4.945744e+000
5.003691e+000
5.061216e+000
5.118392e+000
5.175428e+000
5.232609e+000
5.290156e+000
5.348096e+000
5.406201e+000
5.464042e+000
5.521113e+000
5.576993e+000
5.631470e+000
5.684583e+000
5.736554e+000
5.787668e+000
5.838134e+000
5.888009e+000
5.937195e+000
5.985509e+000
6.032774e+000
6.078905e+000
6.123927e+000
6.167939e+000
6.211042e+000
6.253269e+000
6.294558e+000
6.334771e+000
6.373757e+000
6.411429e+000
6.447834e+000
6.483181e+000
6.517803e+000
6.552090e+000
6.586431e+000
6.621179e+000
6.656637e+000
6.693046e+000
6.730577e+000
6.769297e+000
6.809145e+000
6.849939e+000
6.891409e+000
6.933246e+000
6.975142e+000
7.016805e+000
7.057955e+000
7.098315e+000
7.137603e+000
7.175557e+000
7.211984e+000
7.246813e+000
7.280095e+000
7.311963e+000
7.342532e+000
7.371826e+000
7.399737e+000
7.426057e+000
7.450537e+000
7.472943e+000
7.493114e+000
7.510987e+000
7.526609e+000
7.540105e+000
7.551652e+000
7.561458e+000
7.569751e+000
7.576772e+000
7.582761e+000
7.587939e+000
7.592504e+000
7.596611e+000
7.600363e+000
7.603790e+000
7.606843e+000
7.609377e+000
7.611144e+000
7.611808e+000
7.610973e+000
7.608227e+000
7.603206e+000
7.595668e+000
7.585556e+000
7.572998e+000
7.558234e+000
7.541528e+000
7.523086e+000
7.503020e+000
7.481362e+000
7.458086e+000
7.433147e+000
7.406500e+000
7.378109e+000
7.347937e+000
7.315928e+000
7.281982e+000
7.245951e+000
7.207648e+000
7.166876e+000
7.123482e+000
7.077433e+000
7.028870e+000
6.978088e+000
6.925451e+000
6.871277e+000
6.815772e+000
6.759033e+000
6.701106e+000
6.642076e+000
6.582136e+000
6.521604e+000
6.460867e+000
6.400287e+000
6.340105e+000
6.280395e+000
6.221045e+000
6.161794e+000
6.102288e+000
6.042174e+000
5.981195e+000
5.919249e+000
5.856371e+000
5.792639e+000
5.728069e+000
5.662540e+000
5.595811e+000
5.527597e+000
5.457654e+000
5.385853e+000
5.312209e+000
5.236883e+000
5.160153e+000
5.082357e+000
5.003837e+000
4.924880e+000
4.845658e+000
4.766211e+000
4.686471e+000
4.606322e+000
4.525686e+000
4.444596e+000
4.363238e+000
4.281917e+000
4.200995e+000
4.120810e+000
4.041623e+000
3.963601e+000
3.886820e+000
3.811270e+000
3.736861e+000
3.663458e+000
3.590910e+000
3.519089e+000
3.447910e+000
3.377326e+000
3.307302e+000
3.237781e+000
3.168642e+000
3.099687e+000
3.030655e+000
2.961269e+000
2.891309e+000
2.820678e+000
2.749423e+000
2.677707e+000
2.605744e+000
2.533737e+000
2.461833e+000
2.390097e+000
2.318523e+000
2.247064e+000
2.175670e+000
2.104319e+000
2.033030e+000
1.961846e+000
1.890813e+000
1.819948e+000
1.749233e+000
1.678629e+000
1.608125e+000
1.537813e+000
1.467931e+000
1.398851e+000
1.331008e+000
1.264791e+000
1.200468e+000
1.138156e+000
1.077842e+000
1.019410e+000
9.626946e-001
9.075073e-001
8.536605e-001
8.009665e-001
7.492312e-001
6.982500e-001
6.478186e-001
5.977547e-001
5.479169e-001
4.982076e-001
4.485583e-001
3.989091e-001
3.491931e-001
2.993304e-001
2.492340e-001
1.988216e-001
1.480292e-001
9.681729e-002
4.516703e-002
-6.932436e-003
-5.949812e-002
-1.125618e-001
-1.661688e-001
-2.203624e-001
-2.751524e-001
-3.304798e-001
-3.862028e-001
-4.421154e-001
-4.979915e-001
-5.536377e-001
-6.089290e-001
-6.638103e-001
-7.182655e-001
-7.722708e-001
-8.257514e-001
-8.785641e-001
-9.305147e-001
-9.814066e-001
-1.031102e+000
-1.079560e+000
-1.126840e+000
-1.173058e+000
-1.218350e+000
-1.262854e+000
-1.306720e+000
-1.350138e+000
-1.393343e+000
-1.436599e+000
-1.480156e+000
-1.524208e+000
-1.568867e+000
-1.614162e+000
-1.660061e+000
-1.706498e+000
-1.753399e+000
-1.800690e+000
-1.848289e+000
-1.896088e+000
-1.943949e+000
-1.991708e+000
-2.039202e+000
-2.086324e+000
-2.133059e+000
-2.179505e+000
-2.225839e+000
-2.272253e+000
-2.318902e+000
-2.365883e+000
-2.413266e+000
-2.461146e+000
-2.509678e+000
-2.559070e+000
-2.609525e+000
-2.661179e+000
-2.714074e+000
-2.768159e+000
-2.823330e+000
-2.879479e+000
-2.936530e+000
-2.994451e+000
-3.053240e+000
-3.112903e+000
-3.173434e+000
-3.234790e+000
-3.296868e+000
-3.359493e+000
-3.422431e+000
-3.485423e+000
-3.548228e+000
-3.610650e+000
-3.672544e+000
-3.733806e+000
-3.794353e+000
-3.854110e+000
-3.913009e+000
-3.970978e+000
-4.027933e+000
-4.083769e+000
-4.138354e+000
-4.191539e+000
-4.243182e+000
-4.293194e+000
-4.341579e+000
-4.388450e+000
-4.433996e+000
-4.478442e+000
-4.522011e+000
-4.564907e+000
-4.607318e+000
-4.649430e+000
-4.691438e+000
-4.733546e+000
-4.775958e+000
-4.818837e+000
-4.862234e+000
-4.906037e+000
-4.949974e+000
-4.993664e+000
-5.036696e+000
-5.078716e+000
-5.119509e+000
-5.159052e+000
-5.197496e+000
-5.235093e+000
-5.272096e+000
-5.308682e+000
-5.344925e+000
-5.380811e+000
-5.416278e+000
-5.451257e+000
-5.485698e+000
-5.519564e+000
-5.552823e+000
-5.585438e+000
-5.617360e+000
-5.648538e+000
-5.678943e+000
-5.708577e+000
-5.737475e+000
-5.765682e+000
-5.793229e+000
-5.820110e+000
-5.846285e+000
-5.871694e+000
-5.896271e+000
-5.919960e+000
-5.942712e+000
-5.964484e+000
-5.985233e+000
-6.004924e+000
-6.023546e+000
-6.041136e+000
-6.057778e+000
-6.073595e+000
-6.088718e+000
-6.103251e+000
-6.117229e+000
-6.130589e+000
-6.143185e+000
-6.154825e+000
-6.165324e+000
-6.174534e+000
-6.182365e+000
-6.188784e+000
-6.193820e+000
-6.197576e+000
-6.200226e+000
-6.202007e+000
-6.203186e+000
-6.204007e+000
-6.204642e+000
-6.205146e+000
-6.205472e+000
-6.205511e+000
-6.205149e+000
-6.204324e+000
-6.203038e+000
-6.201357e+000
-6.199372e+000
-6.197179e+000
-6.194854e+000
-6.192464e+000
-6.190069e+000
-6.187736e+000
-6.185539e+000
-6.183561e+000
-6.181890e+000
-6.180629e+000
-6.179922e+000
-6.179968e+000
-6.181027e+000
-6.183390e+000
-6.187343e+000
-6.193118e+000
-6.200852e+000
-6.210554e+000
-6.222093e+000
-6.235214e+000
-6.249589e+000
-6.264877e+000
-6.280804e+000
-6.297234e+000
-6.314191e+000
-6.331811e+000
-6.350232e+000
-6.369463e+000
-6.389318e+000
-6.409431e+000
-6.429344e+000
-6.448591e+000
-6.466772e+000
-6.483617e+000
-6.499020e+000
-6.513024e+000
-6.525771e+000
-6.537423e+000
-6.548113e+000
-6.557939e+000
-6.566974e+000
-6.575299e+000
-6.583030e+000
-6.590327e+000
-6.597385e+000
-6.604399e+000
-6.611529e+000
-6.618869e+000
-6.626444e+000
-6.634210e+000
-6.642085e+000
-6.649966e+000
-6.657754e+000
-6.665357e+000
-6.672698e+000
-6.679720e+000
-6.686400e+000
-6.692749e+000
-6.698804e+000
-6.704621e+000
-6.710273e+000
-6.715855e+000
-6.721481e+000
-6.727275e+000
-6.733344e+000
-6.739742e+000
-6.746447e+000
-6.753371e+000
-6.760386e+000
-6.767381e+000
-6.774296e+000
-6.781145e+000
-6.787999e+000
-6.794947e+000
-6.802046e+000
-6.809273e+000
-6.816491e+000
-6.823469e+000
-6.829921e+000
-6.835567e+000
-6.840178e+000
-6.843604e+000
-6.845772e+000
-6.846648e+000
-6.846212e+000
-6.844429e+000
-6.841263e+000
-6.836699e+000
-6.830778e+000
-6.823608e+000
-6.815348e+000
-6.806173e+000
-6.796241e+000
-6.785664e+000
-6.774500e+000
-6.762744e+000
-6.750310e+000
-6.737035e+000
-6.722694e+000
-6.707029e+000
-6.689782e+000
-6.670722e+000
-6.649665e+000
-6.626499e+000
-6.601192e+000
-6.573791e+000
-6.544415e+000
-6.513240e+000
-6.480480e+000
-6.446366e+000
-6.411136e+000
-6.375024e+000
-6.338259e+000
-6.301052e+000
-6.263577e+000
-6.225957e+000
-6.188263e+000
-6.150525e+000
-6.112741e+000
-6.074875e+000
-6.036863e+000
-5.998619e+000
-5.960043e+000
-5.921032e+000
-5.881476e+000
-5.841264e+000
-5.800286e+000
-5.758452e+000
-5.715718e+000
-5.672105e+000
-5.627709e+000
-5.582686e+000
-5.537228e+000
-5.491527e+000
-5.445753e+000
-5.400056e+000
-5.354577e+000
-5.309470e+000
-5.264906e+000
-5.221049e+000
-5.177999e+000
-5.135743e+000
-5.094151e+000
-5.053011e+000
-5.012081e+000
-4.971130e+000
-4.929961e+000
-4.888413e+000
-4.846358e+000
-4.803719e+000
-4.760483e+000
-4.716741e+000
-4.672701e+000
-4.628683e+000
-4.585075e+000
-4.542262e+000
-4.500553e+000
-4.460148e+000
-4.421149e+000
-4.383608e+000
-4.347572e+000
-4.313093e+000
-4.280213e+000
-4.248918e+000
-4.219118e+000
-4.190648e+000
-4.163294e+000
-4.136825e+000
-4.111021e+000
-4.085678e+000
-4.060600e+000
-4.035589e+000
-4.010442e+000
-3.984947e+000
-3.958892e+000
-3.932093e+000
-3.904428e+000
-3.875864e+000
-3.846443e+000
-3.816252e+000
-3.785381e+000
-3.753899e+000
-3.721864e+000
-3.689332e+000
-3.656384e+000
-3.623122e+000
-3.589663e+000
-3.556104e+000
-3.522472e+000
-3.488680e+000
-3.454528e+000
-3.419731e+000
-3.383970e+000
-3.346939e+000
-3.308374e+000
-3.268074e+000
-3.225910e+000
-3.181809e+000
-3.135743e+000
-3.087714e+000
-3.037737e+000
-2.985839e+000
-2.932059e+000
-2.876468e+000
-2.819186e+000
-2.760405e+000
-2.700386e+000
-2.639439e+000
-2.577870e+000
-2.515927e+000
-2.453772e+000
-2.391488e+000
-2.329099e+000
-2.266594e+000
-2.203945e+000
-2.141106e+000
-2.078009e+000
-2.014554e+000
-1.950615e+000
-1.886045e+000
-1.820690e+000
-1.754406e+000
-1.687067e+000
-1.618570e+000
-1.548839e+000
-1.477810e+000
-1.405425e+000
-1.331626e+000
-1.256370e+000
-1.179645e+000
-1.101491e+000
-1.021997e+000
-9.412806e-001
-8.594720e-001
-7.766999e-001
-6.930992e-001
-6.088212e-001
-5.240388e-001
-4.389352e-001
-3.536808e-001
-2.684107e-001
-1.832145e-001
-9.813042e-002
-1.314143e-002
7.182279e-002
1.568755e-001
2.421609e-001
3.278441e-001
4.141029e-001
5.011084e-001
5.889824e-001
6.777476e-001
7.673044e-001
8.574520e-001
9.479395e-001
1.038524e+000
1.129019e+000
1.219307e+000
1.309330e+000
1.399062e+000
1.488500e+000
1.577671e+000
1.666644e+000
1.755531e+000
1.844473e+000
1.933627e+000
2.023140e+000
2.113140e+000
2.203705e+000
2.294848e+000
2.386516e+000
2.478615e+000
2.571033e+000
2.663659e+000
2.756389e+000
2.849099e+000
2.941640e+000
3.033823e+000
3.125434e+000
3.216238e+000
3.305995e+000
3.394469e+000
3.481461e+000
3.566845e+000
3.650573e+000
3.732666e+000
3.813194e+000
3.892250e+000
3.969934e+000
4.046339e+000
4.121538e+000
4.195553e+000
4.268319e+000
4.339675e+000
4.409385e+000
4.477191e+000
4.542861e+000
4.606230e+000
4.667204e+000
4.725753e+000
4.781894e+000
4.835681e+000
4.887184e+000
4.936482e+000
4.983651e+000
5.028755e+000
5.071849e+000
5.112988e+000
5.152242e+000
5.189703e+000
5.225480e+000
5.259686e+000
5.292417e+000
5.323743e+000
5.353715e+000
5.382379e+000
5.409784e+000
5.435994e+000
5.461102e+000
5.485224e+000
5.508499e+000
5.531076e+000
5.553100e+000
5.574699e+000
5.595964e+000
5.616939e+000
5.637629e+000
5.658016e+000
5.678079e+000
5.697817e+000
5.717262e+000
5.736491e+000
5.755609e+000
5.774738e+000
5.793998e+000
5.813502e+000
5.833348e+000
5.853619e+000
5.874388e+000
5.895720e+000
5.917681e+000
5.940340e+000
5.963771e+000
5.988065e+000
6.013335e+000
6.039712e+000
6.067320e+000
6.096238e+000
6.126469e+000
6.157925e+000
6.190443e+000
6.223820e+000
6.257841e+000
6.292302e+000
6.327010e+000
6.361775e+000
6.396404e+000
6.430696e+000
6.464448e+000
6.497480e+000
6.529661e+000
6.560928e+000
6.591277e+000
6.620740e+000
6.649354e+000
6.677146e+000
6.704134e+000
6.730329e+000
6.755742e+000
6.780384e+000
6.804253e+000
6.827312e+000
6.849488e+000
6.870675e+000
6.890764e+000
6.909678e+000
6.927413e+000
6.944051e+000
6.959749e+000
6.974689e+000
6.989040e+000
7.002919e+000
7.016375e+000
7.029397e+000
7.041926e+000
7.053886e+000
7.065206e+000
7.075833e+000
7.085737e+000
7.094894e+000
7.103267e+000
7.110793e+000
7.117384e+000
7.122934e+000
7.127339e+000
7.130513e+000
7.132415e+000
7.133067e+000
7.132551e+000
7.130988e+000
7.128504e+000
7.125193e+000
7.121098e+000
7.116211e+000
7.110491e+000
7.103892e+000
7.096393e+000
7.088032e+000
7.078923e+000
7.069259e+000
7.059273e+000
7.049195e+000
7.039211e+000
7.029445e+000
7.019966e+000
7.010820e+000
7.002054e+000
6.993729e+000
6.985912e+000
6.978661e+000
6.971997e+000
6.965882e+000
6.960210e+000
6.954817e+000
6.949516e+000
6.944141e+000
6.938595e+000
6.932859e+000
6.926978e+000
6.921009e+000
6.914992e+000
6.908918e+000
6.902747e+000
6.896425e+000
6.889915e+000
6.883214e+000
6.876347e+000
6.869353e+000
6.862258e+000
6.855064e+000
6.847748e+000
6.840271e+000
6.832594e+000
6.824682e+000
6.816509e+000
6.808051e+000
6.799283e+000
6.790178e+000
6.780703e+000
6.770829e+000
6.760532e+000
6.749819e+000
6.738736e+000
6.727370e+000
6.715845e+000
6.704306e+000
6.692911e+000
6.681819e+000
6.671153e+000
6.660972e+000
6.651248e+000
6.641881e+000
6.632744e+000
6.623736e+000
6.614815e+000
6.606005e+000
6.597366e+000
6.588963e+000
6.580835e+000
6.572978e+000
6.565339e+000
6.557826e+000
6.550311e+000
6.542651e+000
6.534695e+000
6.526311e+000
6.517387e+000
6.507835e+000
6.497579e+000
6.486545e+000
6.474660e+000
6.461868e+000
6.448167e+000
6.433640e+000
6.418456e+000
6.402840e+000
6.387042e+000
6.371298e+000
6.355819e+000
6.340771e+000
6.326275e+000
6.312391e+000
6.299124e+000
6.286432e+000
6.274248e+000
6.262493e+000
6.251088e+000
6.239956e+000
6.229021e+000
6.218210e+000
6.207453e+000
6.196703e+000
6.185944e+000
6.175189e+000
6.164471e+000
6.153829e+000
6.143298e+000
6.132904e+000
6.122656e+000
6.112530e+000
6.102460e+000
6.092342e+000
6.082049e+000
6.071445e+000
6.060400e+000
6.048789e+000
6.036490e+000
6.023380e+000
6.009332e+000
5.994204e+000
5.977834e+000
5.960038e+000
5.940614e+000
5.919370e+000
5.896142e+000
5.870828e+000
5.843406e+000
5.813924e+000
5.782481e+000
5.749191e+000
5.714164e+000
5.677499e+000
5.639294e+000
5.599667e+000
5.558779e+000
5.516841e+000
5.474102e+000
5.430824e+000
5.387237e+000
5.343514e+000
5.299754e+000
5.255984e+000
5.212167e+000
5.168216e+000
5.124020e+000
5.079454e+000
5.034394e+000
4.988734e+000
4.942405e+000
4.895401e+000
4.847786e+000
4.799672e+000
4.751185e+000
4.702426e+000
4.653468e+000
4.604355e+000
4.555131e+000
4.505859e+000
4.456656e+000
4.407689e+000
4.359148e+000
4.311195e+000
4.263919e+000
4.217312e+000
4.171276e+000
4.125649e+000
4.080256e+000
4.034956e+000
3.989667e+000
3.944370e+000
3.899080e+000
3.853815e+000
3.808564e+000
3.763266e+000
3.717814e+000
3.672082e+000
3.625949e+000
3.579326e+000
3.532156e+000
3.484407e+000
3.436063e+000
3.387131e+000
3.337647e+000
3.287669e+000
3.237267e+000
3.186512e+000
3.135461e+000
3.084161e+000
3.032659e+000
2.981009e+000
2.929293e+000
2.877632e+000
2.826174e+000
2.775075e+000
2.724457e+000
2.674381e+000
2.624848e+000
2.575816e+000
2.527237e+000
2.479084e+000
2.431361e+000
2.384100e+000
2.337349e+000
2.291151e+000
2.245542e+000
2.200544e+000
2.156167e+000
2.112408e+000
2.069254e+000
2.026676e+000
1.984625e+000
1.943019e+000
1.901750e+000
1.860693e+000
1.819717e+000
1.778700e+000
1.737529e+000
1.696114e+000
1.654372e+000
1.612229e+000
1.569613e+000
1.526460e+000
1.482719e+000
1.438361e+000
1.393371e+000
1.347746e+000
1.301480e+000
1.254561e+000
1.206970e+000
1.158687e+000
1.109691e+000
1.059978e+000
1.009559e+000
9.584654e-001
9.067380e-001
8.544209e-001
8.015524e-001
7.481609e-001
6.942640e-001
6.398723e-001
5.849952e-001
5.296492e-001
4.738699e-001
4.177229e-001
3.613073e-001
3.047566e-001
2.482357e-001
1.919298e-001
1.360252e-001
8.069058e-002
2.606410e-002
-2.775111e-002
-8.068670e-002
-1.327077e-001
-1.838113e-001
-2.340223e-001
-2.833845e-001
-3.319510e-001
-3.797762e-001
-4.269127e-001
-4.734114e-001
-5.193231e-001
-5.647001e-001
-6.095960e-001
-6.540634e-001
-6.981478e-001
-7.418784e-001
-7.852568e-001
-8.282503e-001
-8.707944e-001
-9.128038e-001
-9.541861e-001
-9.948511e-001
-1.034719e+000
-1.073723e+000
-1.111821e+000
-1.149006e+000
-1.185322e+000
-1.220884e+000
-1.255864e+000
-1.290471e+000
-1.324926e+000
-1.359444e+000
-1.394229e+000
-1.429476e+000
-1.465363e+000
-1.502035e+000
-1.539579e+000
-1.578007e+000
-1.617256e+000
-1.657205e+000
-1.697714e+000
-1.738642e+000
-1.779870e+000
-1.821315e+000
-1.862929e+000
-1.904698e+000
-1.946621e+000
-1.988700e+000
-2.030933e+000
-2.073302e+000
-2.115771e+000
-2.158281e+000
-2.200760e+000
-2.243142e+000
-2.285379e+000
-2.327453e+000
-2.369388e+000
-2.411263e+000
-2.453226e+000
-2.495486e+000
-2.538284e+000
-2.581872e+000
-2.626477e+000
-2.672281e+000
-2.719404e+000
-2.767907e+000
-2.817801e+000
-2.869055e+000
-2.921608e+000
-2.975380e+000
-3.030281e+000
-3.086221e+000
-3.143109e+000
-3.200855e+000
-3.259370e+000
-3.318573e+000
-3.378400e+000
-3.438804e+000
-3.499763e+000
-3.561261e+000
-3.623288e+000
-3.685826e+000
-3.748845e+000
-3.812298e+000
-3.876122e+000
-3.940239e+000
-4.004571e+000
-4.069053e+000
-4.133637e+000
-4.198302e+000
-4.263039e+000
-4.327839e+000
-4.392680e+000
-4.457510e+000
-4.522252e+000
-4.586813e+000
-4.651093e+000
-4.714999e+000
-4.778446e+000
-4.841361e+000
-4.903691e+000
-4.965406e+000
-5.026515e+000
-5.087081e+000
-5.147229e+000
-5.207124e+000
-5.266924e+000
-5.326739e+000
-5.386618e+000
-5.446561e+000
-5.506551e+000
-5.566579e+000
-5.626651e+000
-5.686787e+000
-5.747018e+000
-5.807374e+000
-5.867889e+000
-5.928596e+000
-5.989531e+000
-6.050722e+000
-6.112185e+000
-6.173908e+000
-6.235849e+000
-6.297930e+000
-6.360045e+000
-6.422068e+000
-6.483865e+000
-6.545297e+000
-6.606230e+000
-6.666534e+000
-6.726092e+000
-6.784809e+000
-6.842621e+000
-6.899494e+000
-6.955426e+000
-7.010430e+000
-7.064526e+000
-7.117729e+000
-7.170041e+000
-7.221448e+000
-7.271927e+000
-7.321448e+000
-7.369982e+000
-7.417508e+000
-7.464024e+000
-7.509542e+000
-7.554093e+000
-7.597718e+000
-7.640454e+000
-7.682336e+000
-7.723383e+000
-7.763607e+000
-7.803009e+000
-7.841591e+000
-7.879355e+000
-7.916307e+000
-7.952467e+000
-7.987874e+000
-8.022600e+000
-8.056738e+000
-8.090395e+000
-8.123671e+000
-8.156639e+000
-8.189326e+000
-8.221701e+000
-8.253681e+000
-8.285147e+000
-8.315968e+000
-8.346021e+000
-8.375214e+000
-8.403498e+000
-8.430872e+000
-8.457373e+000
-8.483070e+000
-8.508060e+000
-8.532477e+000
-8.556492e+000
-8.580298e+000
-8.604104e+000
-8.628113e+000
-8.652519e+000
-8.677482e+000
-8.703096e+000
-8.729367e+000
-8.756201e+000
-8.783412e+000
-8.810758e+000
-8.837988e+000
-8.864881e+000
-8.891275e+000
-8.917064e+000
-8.942197e+000
-8.966661e+000
-8.990475e+000
-9.013675e+000
-9.036305e+000
-9.058399e+000
-9.079965e+000
-9.100976e+000
-9.121363e+000
-9.141032e+000
-9.159877e+000
-9.177797e+000
-9.194707e+000
-9.210549e+000
-9.225308e+000
-9.239008e+000
-9.251701e+000
-9.263452e+000
-9.274319e+000
-9.284342e+000
-9.293542e+000
-9.301926e+000
-9.309490e+000
-9.316237e+000
-9.322181e+000
-9.327358e+000
-9.331826e+000
-9.335652e+000
-9.338905e+000
-9.341630e+000
-9.343842e+000
-9.345520e+000
-9.346626e+000
-9.347117e+000
-9.346960e+000
-9.346149e+000
-9.344700e+000
-9.342660e+000
-9.340107e+000
-9.337110e+000
-9.333718e+000
-9.330013e+000
-9.326093e+000
-9.322010e+000
-9.317775e+000
-9.313357e+000
-9.308702e+000
-9.303729e+000
-9.298328e+000
-9.292367e+000
-9.285704e+000
-9.278206e+000
-9.269775e+000
-9.260353e+000
-9.249929e+000
-9.238533e+000
-9.226233e+000
-9.213124e+000
-9.199325e+000
-9.184953e+000
-9.170098e+000
-9.154791e+000
-9.139008e+000
-9.122677e+000
-9.105712e+000
-9.088039e+000
-9.069610e+000
-9.050402e+000
-9.030411e+000
-9.009636e+000
-8.988068e+000
-8.965697e+000
-8.942524e+000
-8.918576e+000
-8.893917e+000
-8.868643e+000
-8.842866e+000
-8.816692e+000
-8.790209e+000
-8.763476e+000
-8.736531e+000
-8.709386e+000
-8.682017e+000
-8.654364e+000
-8.626341e+000
-8.597843e+000
-8.568763e+000
-8.538996e+000
-8.508437e+000
-8.476971e+000
-8.444472e+000
-8.410807e+000
-8.375844e+000
-8.339475e+000
-8.301630e+000
-8.262293e+000
-8.221516e+000
-8.179424e+000
-8.136196e+000
-8.092039e+000
-8.047149e+000
-8.001685e+000
-7.955758e+000
-7.909438e+000
-7.862775e+000
-7.815821e+000
-7.768634e+000
-7.721280e+000
-7.673828e+000
-7.626342e+000
-7.578869e+000
-7.531427e+000
-7.483998e+000
-7.436523e+000
-7.388927e+000
-7.341143e+000
-7.293126e+000
-7.244860e+000
-7.196348e+000
-7.147595e+000
-7.098599e+000
-7.049341e+000
-6.999788e+000
-6.949899e+000
-6.899634e+000
-6.848975e+000
-6.797929e+000
-6.746535e+000
-6.694844e+000
-6.642912e+000
-6.590785e+000
-6.538487e+000
-6.486016e+000
-6.433336e+000
-6.380385e+000
-6.327085e+000
-6.273356e+000
-6.219127e+000
-6.164353e+000
-6.109022e+000
-6.053154e+000
-5.996791e+000
-5.939992e+000
-5.882831e+000
-5.825397e+000