-605.88	0	-605880	
-599.821	0	-599821	
-593.762	0	-593762	
-587.704	0	-587704	
-581.645	0	-581645	
-575.586	0	-575586	
-569.527	0	-569527	
-563.468	0	-563468	
-557.41	0	-557410	
-551.351	0	-551351	
-545.292	0	-545292	
-539.233	0	-539233	
-533.174	0	-533174	
-527.116	0	-527116	
-521.057	0	-521057	
-514.998	0	-514998	
-508.939	0	-508939	
-502.88	0	-502880	
-496.822	0	-496822	
-490.763	0	-490763	
-484.704	0	-484704	
-478.645	0	-478645	
-472.586	0	-472586	
-466.528	0	-466528	
-460.469	0	-460469	
-454.41	0	-454410	
-448.351	0	-448351	
-442.292	0	-442292	
-436.234	0	-436234	
-430.175	0	-430175	
-424.116	0	-424116	
-418.057	0	-418057	
-411.998	0	-411998	
-405.94	0	-405940	
-399.881	0	-399881	
-393.822	0	-393822	
-387.763	0	-387763	
-381.704	0	-381704	
-375.646	0	-375646	
-369.587	0	-369587	
-363.528	0	-363528	
-357.469	0	-357469	
-351.41	0	-351410	
-345.352	0	-345352	
-339.293	0	-339293	
-333.234	0	-333234	
-327.175	0	-327175	
-321.116	0	-321116	
-315.058	0	-315058	
-308.999	0	-308999	
-302.94	0	-302940	
-296.881	0	-296881	
-290.822	0	-290822	
-284.764	0	-284764	
-278.705	0	-278705	
-272.646	0	-272646	
-266.587	0	-266587	
-260.528	0	-260528	
-254.47	0	-254470	
-248.411	0	-248411	
-242.352	0	-242352	
-236.293	0	-236293	
-230.234	0	-230234	
-224.176	0	-224176	
-218.117	0	-218117	
-212.058	0	-212058	
-205.999	0	-205999	
-199.94	0	-199940	
-193.882	0	-193882	
-187.823	0	-187823	
-181.764	0	-181764	
-175.705	0	-175705	
-169.646	0	-169646	
-163.588	0	-163588	
-157.529	0	-157529	
-151.47	0	-151470	
-145.411	0	-145411	
-139.352	0	-139352	
-133.294	0	-133294	
-127.235	0	-127235	
-121.176	0	-121176	
-115.117	0	-115117	
-109.058	0	-109058	
-103	0	-103000	
-96.9408	0	-96940.8	
-90.882	0	-90882	
-84.8232	0	-84823.2	
-78.7644	0	-78764.4	
-72.7056	0	-72705.6	
-66.6468	0	-66646.8	
-60.588	0	-60588	
-54.5292	0	-54529.2	
-48.4704	0	-48470.4	
-42.4116	0	-42411.6	
-36.3528	0	-36352.8	
-30.294	0	-30294	
-24.2352	0	-24235.2	
-18.1764	0	-18176.4	
-12.1176	0	-12117.6	
-6.0588	0	-6058.8	
0	0	0	
6.0588	0	6058.8	
12.1176	0	12117.6	
18.1764	0	18176.4	
24.2352	0	24235.2	
30.294	0	30294	
36.3528	0	36352.8	
42.4116	0	42411.6	
48.4704	0	48470.4	
54.5292	0	54529.2	
60.588	0	60588	
66.6468	0	66646.8	
72.7056	0	72705.6	
78.7644	0	78764.4	
84.8232	0	84823.2	
90.882	0	90882	
96.9408	0	96940.8	
103	0	103000	
109.058	0	109058	
115.117	0	115117	
121.176	0	121176	
127.235	0	127235	
133.294	0	133294	
139.352	0	139352	
145.411	0	145411	
151.47	0	151470	
157.529	0	157529	
163.588	0	163588	
169.646	0	169646	
175.705	0	175705	
181.764	0	181764	
187.823	0	187823	
193.882	0	193882	
199.94	0	199940	
205.999	0	205999	
212.058	0	212058	
218.117	0	218117	
224.176	0	224176	
230.234	0	230234	
236.293	0	236293	
242.352	0	242352	
248.411	0	248411	
254.47	0	254470	
260.528	0	260528	
266.587	0	266587	
272.646	0	272646	
278.705	0	278705	
284.764	0	284764	
290.822	0	290822	
296.881	0	296881	
302.94	0	302940	
308.999	0	308999	
315.058	0	315058	
321.116	0	321116	
327.175	0	327175	
333.234	0	333234	
339.293	0	339293	
345.352	0	345352	
351.41	0	351410	
357.469	0	357469	
363.528	0	363528	
369.587	0	369587	
375.646	0	375646	
381.704	0	381704	
387.763	0	387763	
393.822	0	393822	
399.881	0	399881	
405.94	0	405940	
411.998	0	411998	
418.057	0	418057	
424.116	0	424116	
430.175	0	430175	
436.234	0	436234	
442.292	0	442292	
448.351	0	448351	
454.41	0	454410	
460.469	0	460469	
466.528	0	466528	
472.586	0	472586	
478.645	0	478645	
484.704	0	484704	
490.763	0	490763	
496.822	0	496822	
502.88	0	502880	
508.939	0	508939	
514.998	0	514998	
521.057	0	521057	
527.116	0	527116	
533.174	0	533174	
539.233	0	539233	
545.292	0	545292	
551.351	0	551351	
557.41	0	557410	
563.468	0	563468	
569.527	0	569527	
575.586	0	575586	
581.645	0	581645	
587.704	0	587704	
593.762	0	593762	
599.821	0	599821	
605.88	0	605880	
